Date,Open,High,Low,Close,Volume,Dividends,Stock Splits,Capital Gains,ticker
2022-08-08 00:00:00-04:00,32.54892925011271,32.58772134641351,32.53437805175781,32.53437805175781,2600,0.0,0.0,0.0,LCLG
2022-08-09 00:00:00-04:00,31.9282052861244,31.9282052861244,31.867103576660156,31.867103576660156,400,0.0,0.0,0.0,LCLG
2022-08-10 00:00:00-04:00,32.936879449872585,32.936879449872585,32.92427062988281,32.92427062988281,1000,0.0,0.0,0.0,LCLG
2022-08-11 00:00:00-04:00,32.82631301879883,32.82631301879883,32.82631301879883,32.82631301879883,100,0.0,0.0,0.0,LCLG
2022-08-12 00:00:00-04:00,33.24723724539807,33.42957305908203,33.24723724539807,33.42957305908203,1300,0.0,0.0,0.0,LCLG
2022-08-15 00:00:00-04:00,33.60706329345703,33.60706329345703,33.60706329345703,33.60706329345703,100,0.0,0.0,0.0,LCLG
2022-08-16 00:00:00-04:00,33.80006214227131,33.80006214227131,33.66428055612544,33.71956253051758,700,0.0,0.0,0.0,LCLG
2022-08-17 00:00:00-04:00,33.35295486450195,33.35295486450195,33.35295486450195,33.35295486450195,0,0.0,0.0,0.0,LCLG
2022-08-18 00:00:00-04:00,33.43442153930664,33.43442153930664,33.43442153930664,33.43442153930664,0,0.0,0.0,0.0,LCLG
2022-08-19 00:00:00-04:00,32.78751754760742,32.78751754760742,32.78751754760742,32.78751754760742,100,0.0,0.0,0.0,LCLG
2022-08-22 00:00:00-04:00,31.953426361083984,31.953426361083984,31.953426361083984,31.953426361083984,100,0.0,0.0,0.0,LCLG
2022-08-23 00:00:00-04:00,31.901052474975586,31.901052474975586,31.901052474975586,31.901052474975586,100,0.0,0.0,0.0,LCLG
2022-08-24 00:00:00-04:00,32.10278635615443,32.10278635615443,31.97185516357422,31.97185516357422,400,0.0,0.0,0.0,LCLG
2022-08-25 00:00:00-04:00,32.56735610961914,32.56735610961914,32.56735610961914,32.56735610961914,0,0.0,0.0,0.0,LCLG
2022-08-26 00:00:00-04:00,31.221176147460938,31.221176147460938,31.221176147460938,31.221176147460938,100,0.0,0.0,0.0,LCLG
2022-08-29 00:00:00-04:00,30.934091567993164,30.934091567993164,30.934091567993164,30.934091567993164,100,0.0,0.0,0.0,LCLG
2022-08-30 00:00:00-04:00,30.62664031982422,30.62664031982422,30.62664031982422,30.62664031982422,100,0.0,0.0,0.0,LCLG
2022-08-31 00:00:00-04:00,30.446245193481445,30.446245193481445,30.446245193481445,30.446245193481445,100,0.0,0.0,0.0,LCLG
2022-09-01 00:00:00-04:00,30.35895538330078,30.35895538330078,30.35895538330078,30.35895538330078,100,0.0,0.0,0.0,LCLG
2022-09-02 00:00:00-04:00,30.100971221923828,30.100971221923828,30.100971221923828,30.100971221923828,0,0.0,0.0,0.0,LCLG
2022-09-06 00:00:00-04:00,29.945789337158203,29.945789337158203,29.945789337158203,29.945789337158203,0,0.0,0.0,0.0,LCLG
2022-09-07 00:00:00-04:00,30.657676696777344,30.657676696777344,30.657676696777344,30.657676696777344,0,0.0,0.0,0.0,LCLG
2022-09-08 00:00:00-04:00,30.618881933483358,30.920513153076172,30.618881933483358,30.920513153076172,500,0.0,0.0,0.0,LCLG
2022-09-09 00:00:00-04:00,31.539291381835938,31.539291381835938,31.539291381835938,31.539291381835938,100,0.0,0.0,0.0,LCLG
2022-09-12 00:00:00-04:00,31.848682403564453,31.848682403564453,31.848682403564453,31.848682403564453,0,0.0,0.0,0.0,LCLG
2022-09-13 00:00:00-04:00,30.287185668945312,30.287185668945312,30.287185668945312,30.287185668945312,100,0.0,0.0,0.0,LCLG
2022-09-14 00:00:00-04:00,30.269727705241543,30.41521009796562,30.250331656112408,30.31725311279297,1400,0.0,0.0,0.0,LCLG
2022-09-15 00:00:00-04:00,29.904085159301758,29.904085159301758,29.904085159301758,29.904085159301758,0,0.0,0.0,0.0,LCLG
2022-09-16 00:00:00-04:00,29.2222638451396,29.585966110229492,29.2222638451396,29.585966110229492,200,0.0,0.0,0.0,LCLG
2022-09-19 00:00:00-04:00,29.84880256652832,29.84880256652832,29.84880256652832,29.84880256652832,100,0.0,0.0,0.0,LCLG
2022-09-20 00:00:00-04:00,29.416241171494747,29.44145881076876,29.362897872924805,29.362897872924805,200,0.0,0.0,0.0,LCLG
2022-09-21 00:00:00-04:00,29.552021920392498,29.552021920392498,28.952640533447266,28.952640533447266,600,0.0,0.0,0.0,LCLG
2022-09-22 00:00:00-04:00,28.359079941014706,28.38138771057129,28.359079941014706,28.38138771057129,600,0.0,0.0,0.0,LCLG
2022-09-23 00:00:00-04:00,27.757757150104364,27.966278076171875,27.74805820123617,27.966278076171875,500,0.0,0.0,0.0,LCLG
2022-09-26 00:00:00-04:00,27.980826995712352,28.016711071101007,27.806249618530273,27.806249618530273,700,0.0,0.0,0.0,LCLG
2022-09-27 00:00:00-04:00,27.851835250854492,27.851835250854492,27.851835250854492,27.851835250854492,100,0.0,0.0,0.0,LCLG
2022-09-28 00:00:00-04:00,28.597667694091797,28.597667694091797,28.597667694091797,28.597667694091797,300,0.0,0.0,0.0,LCLG
2022-09-29 00:00:00-04:00,27.786851734981447,27.84892463684082,27.786851734981447,27.84892463684082,300,0.0,0.0,0.0,LCLG
2022-09-30 00:00:00-04:00,27.363018035888672,27.363018035888672,27.363018035888672,27.363018035888672,0,0.0,0.0,0.0,LCLG
2022-10-03 00:00:00-04:00,28.029321970558556,28.242695158461643,27.971130123805647,28.166074752807617,1400,0.0,0.0,0.0,LCLG
2022-10-04 00:00:00-04:00,29.12624740600586,29.12624740600586,29.12624740600586,29.12624740600586,0,0.0,0.0,0.0,LCLG
2022-10-05 00:00:00-04:00,29.1310977935791,29.1310977935791,29.1310977935791,29.1310977935791,0,0.0,0.0,0.0,LCLG
2022-10-06 00:00:00-04:00,29.016653060913086,29.016653060913086,29.016653060913086,29.016653060913086,0,0.0,0.0,0.0,LCLG
2022-10-07 00:00:00-04:00,27.959491729736328,27.959491729736328,27.959491729736328,27.959491729736328,200,0.0,0.0,0.0,LCLG
2022-10-10 00:00:00-04:00,27.6956844329834,27.6956844329834,27.6956844329834,27.6956844329834,100,0.0,0.0,0.0,LCLG
2022-10-11 00:00:00-04:00,27.35235023498535,27.35235023498535,27.35235023498535,27.35235023498535,0,0.0,0.0,0.0,LCLG
2022-10-12 00:00:00-04:00,27.331015796497738,27.331015796497738,27.328105926513672,27.328105926513672,500,0.0,0.0,0.0,LCLG
2022-10-13 00:00:00-04:00,26.467827382556475,27.88384066398241,26.467827382556475,27.746118545532227,10100,0.0,0.0,0.0,LCLG
2022-10-14 00:00:00-04:00,27.040050458479456,27.040050458479456,26.964401245117188,26.964401245117188,700,0.0,0.0,0.0,LCLG
2022-10-17 00:00:00-04:00,27.835348957275016,27.835348957275016,27.781034469604492,27.781034469604492,100,0.0,0.0,0.0,LCLG
2022-10-18 00:00:00-04:00,28.087515016838523,28.087515016838523,28.06811896701618,28.077817916870117,1700,0.0,0.0,0.0,LCLG
2022-10-19 00:00:00-04:00,27.76648712158203,27.76648712158203,27.76648712158203,27.76648712158203,0,0.0,0.0,0.0,LCLG
2022-10-20 00:00:00-04:00,27.517229080200195,27.517229080200195,27.517229080200195,27.517229080200195,0,0.0,0.0,0.0,LCLG
2022-10-21 00:00:00-04:00,28.13794708251953,28.13794708251953,28.13794708251953,28.13794708251953,0,0.0,0.0,0.0,LCLG
2022-10-24 00:00:00-04:00,28.380414962768555,28.380414962768555,28.380414962768555,28.380414962768555,100,0.0,0.0,0.0,LCLG
2022-10-25 00:00:00-04:00,29.134978516038334,29.134978516038334,29.10103126763959,29.12721824645996,3200,0.0,0.0,0.0,LCLG
2022-10-26 00:00:00-04:00,28.98658561706543,28.98658561706543,28.98658561706543,28.98658561706543,100,0.0,0.0,0.0,LCLG
2022-10-27 00:00:00-04:00,28.680105209350586,28.680105209350586,28.680105209350586,28.680105209350586,100,0.0,0.0,0.0,LCLG
2022-10-28 00:00:00-04:00,29.351261138916016,29.351261138916016,29.351261138916016,29.351261138916016,0,0.0,0.0,0.0,LCLG
2022-10-31 00:00:00-04:00,29.222263938443273,29.222263938443273,29.105880249178718,29.116548538208008,8000,0.0,0.0,0.0,LCLG
2022-11-01 00:00:00-04:00,29.11557986096677,29.13497775958084,29.096181962352695,29.12915802001953,4000,0.0,0.0,0.0,LCLG
2022-11-02 00:00:00-04:00,28.703382604072054,29.134977520204682,28.06326675415039,28.06326675415039,1700,0.0,0.0,0.0,LCLG
2022-11-03 00:00:00-04:00,27.757756916670438,27.757756916670438,27.70150375366211,27.70150375366211,100,0.0,0.0,0.0,LCLG
2022-11-04 00:00:00-04:00,28.188379287719727,28.188379287719727,28.188379287719727,28.188379287719727,100,0.0,0.0,0.0,LCLG
2022-11-07 00:00:00-05:00,28.47158432006836,28.47158432006836,28.47158432006836,28.47158432006836,0,0.0,0.0,0.0,LCLG
2022-11-08 00:00:00-05:00,28.600576400756836,28.600576400756836,28.600576400756836,28.600576400756836,0,0.0,0.0,0.0,LCLG
2022-11-09 00:00:00-05:00,28.009923934936523,28.009923934936523,28.009923934936523,28.009923934936523,0,0.0,0.0,0.0,LCLG
2022-11-10 00:00:00-05:00,30.144615173339844,30.144615173339844,30.144615173339844,30.144615173339844,0,0.0,0.0,0.0,LCLG
2022-11-11 00:00:00-05:00,30.512195122576493,30.77406120300293,30.512195122576493,30.77406120300293,1300,0.0,0.0,0.0,LCLG
2022-11-14 00:00:00-05:00,30.938940407959358,30.938940407959358,30.440425872802734,30.440425872802734,300,0.0,0.0,0.0,LCLG
2022-11-15 00:00:00-05:00,30.85843849182129,30.85843849182129,30.85843849182129,30.85843849182129,0,0.0,0.0,0.0,LCLG
2022-11-16 00:00:00-05:00,30.372533798217773,30.372533798217773,30.372533798217773,30.372533798217773,0,0.0,0.0,0.0,LCLG
2022-11-17 00:00:00-05:00,29.716900066481085,30.157222747802734,29.716900066481085,30.157222747802734,600,0.0,0.0,0.0,LCLG
2022-11-18 00:00:00-05:00,30.244510650634766,30.244510650634766,30.244510650634766,30.244510650634766,0,0.0,0.0,0.0,LCLG
2022-11-21 00:00:00-05:00,29.920574617881034,29.998164363653277,29.920574617881034,29.957429885864258,800,0.0,0.0,0.0,LCLG
2022-11-22 00:00:00-05:00,30.64021873474121,30.64021873474121,30.64021873474121,30.64021873474121,0,0.0,0.0,0.0,LCLG
2022-11-23 00:00:00-05:00,30.919542185034132,30.968036932040345,30.853591918945312,30.853591918945312,4700,0.0,0.0,0.0,LCLG
2022-11-25 00:00:00-05:00,30.800247192382812,30.800247192382812,30.800247192382812,30.800247192382812,0,0.0,0.0,0.0,LCLG
2022-11-28 00:00:00-05:00,30.320161819458008,30.320161819458008,30.320161819458008,30.320161819458008,100,0.0,0.0,0.0,LCLG
2022-11-29 00:00:00-05:00,30.14170265197754,30.14170265197754,30.14170265197754,30.14170265197754,0,0.0,0.0,0.0,LCLG
2022-11-30 00:00:00-05:00,31.269668579101562,31.269668579101562,31.269668579101562,31.269668579101562,0,0.0,0.0,0.0,LCLG
2022-12-01 00:00:00-05:00,31.355986632512067,31.448122024536133,31.355986632512067,31.448122024536133,200,0.0,0.0,0.0,LCLG
2022-12-02 00:00:00-05:00,31.445215225219727,31.445215225219727,31.445215225219727,31.445215225219727,0,0.0,0.0,0.0,LCLG
2022-12-05 00:00:00-05:00,30.628580559241197,30.745935440063477,30.628580559241197,30.745935440063477,200,0.0,0.0,0.0,LCLG
2022-12-06 00:00:00-05:00,30.337617874145508,30.395809716551376,30.337617874145508,30.337617874145508,14300,0.0,0.0,0.0,LCLG
2022-12-07 00:00:00-05:00,30.285245895385742,30.285245895385742,30.285245895385742,30.285245895385742,0,0.0,0.0,0.0,LCLG
2022-12-08 00:00:00-05:00,30.65961456298828,30.65961456298828,30.65961456298828,30.65961456298828,100,0.0,0.0,0.0,LCLG
2022-12-09 00:00:00-05:00,30.459823608398438,30.459823608398438,30.459823608398438,30.459823608398438,0,0.0,0.0,0.0,LCLG
2022-12-12 00:00:00-05:00,30.874927520751953,30.874927520751953,30.874927520751953,30.874927520751953,0,0.0,0.0,0.0,LCLG
2022-12-13 00:00:00-05:00,31.1464900970459,31.1464900970459,31.1464900970459,31.1464900970459,0,0.0,0.0,0.0,LCLG
2022-12-14 00:00:00-05:00,31.015560150146484,31.015560150146484,31.015560150146484,31.015560150146484,0,0.0,0.0,0.0,LCLG
2022-12-15 00:00:00-05:00,29.966156005859375,29.966156005859375,29.966156005859375,29.966156005859375,100,0.0,0.0,0.0,LCLG
2022-12-16 00:00:00-05:00,29.881776229548553,29.91378294497118,29.56365885442615,29.736295700073242,800,0.0,0.0,0.0,LCLG
2022-12-19 00:00:00-05:00,29.34834861755371,29.34834861755371,29.34834861755371,29.34834861755371,0,0.0,0.0,0.0,LCLG
2022-12-20 00:00:00-05:00,29.241662026796188,29.34834861755371,29.241662026796188,29.34834861755371,19200,0.0,0.0,0.0,LCLG
2022-12-21 00:00:00-05:00,29.580147401334834,29.92930030822754,29.5617188436746,29.92930030822754,4000,0.0,0.0,0.0,LCLG
2022-12-22 00:00:00-05:00,29.460853576660156,29.460853576660156,29.460853576660156,29.460853576660156,0,0.0,0.0,0.0,LCLG
2022-12-23 00:00:00-05:00,29.653860092163086,29.653860092163086,29.653860092163086,29.653860092163086,100,0.0,0.0,0.0,LCLG
2022-12-27 00:00:00-05:00,29.61021614074707,29.61021614074707,29.61021614074707,29.61021614074707,100,0.0,0.0,0.0,LCLG
2022-12-28 00:00:00-05:00,29.280456992572198,29.280456992572198,29.189289093017578,29.189289093017578,2100,0.0,0.0,0.0,LCLG
2022-12-29 00:00:00-05:00,29.895092010498047,29.895092010498047,29.895092010498047,29.895092010498047,100,0.609,0.0,0.0,LCLG
2022-12-30 00:00:00-05:00,29.548625559342327,29.743637084960938,29.548625559342327,29.743637084960938,1900,0.0,0.0,0.0,LCLG
2023-01-03 00:00:00-05:00,30.380144976814808,30.380144976814808,29.774322509765625,29.774322509765625,500,0.0,0.0,0.0,LCLG
2023-01-04 00:00:00-05:00,30.100000396735226,30.310851116408855,30.100000396735226,30.174243927001953,30600,0.0,0.0,0.0,LCLG
2023-01-05 00:00:00-05:00,29.86539400183036,29.86539400183036,29.806989669799805,29.806989669799805,1300,0.0,0.0,0.0,LCLG
2023-01-06 00:00:00-05:00,30.22175993963688,30.508831024169922,30.20196141295421,30.508831024169922,2300,0.0,0.0,0.0,LCLG
2023-01-09 00:00:00-05:00,30.593963623046875,30.593963623046875,30.593963623046875,30.593963623046875,100,0.0,0.0,0.0,LCLG
2023-01-10 00:00:00-05:00,30.76620557819493,31.037439346313477,30.76620557819493,31.037439346313477,300,0.0,0.0,0.0,LCLG
2023-01-11 00:00:00-05:00,31.581886291503906,31.581886291503906,31.581886291503906,31.581886291503906,100,0.0,0.0,0.0,LCLG
2023-01-12 00:00:00-05:00,31.548230850967432,31.78580750562802,31.548230850967432,31.659099578857422,12100,0.0,0.0,0.0,LCLG
2023-01-13 00:00:00-05:00,31.605643396911358,31.789764404296875,31.605643396911358,31.789764404296875,3600,0.0,0.0,0.0,LCLG
2023-01-17 00:00:00-05:00,31.726411205975293,31.76600825823258,31.68483543395996,31.68483543395996,300,0.0,0.0,0.0,LCLG
2023-01-18 00:00:00-05:00,31.874899632356566,31.874899632356566,31.37004852294922,31.37004852294922,900,0.0,0.0,0.0,LCLG
2023-01-19 00:00:00-05:00,31.023580947863,31.063176112573423,30.902812957763672,30.902812957763672,900,0.0,0.0,0.0,LCLG
2023-01-20 00:00:00-05:00,31.350249051959487,31.72938346862793,31.350249051959487,31.72938346862793,200,0.0,0.0,0.0,LCLG
2023-01-23 00:00:00-05:00,32.22136392782335,32.243141174316406,32.161972123966436,32.243141174316406,600,0.0,0.0,0.0,LCLG
2023-01-24 00:00:00-05:00,32.25106484285224,32.25106484285224,32.17781066894531,32.17781066894531,14700,0.0,0.0,0.0,LCLG
2023-01-25 00:00:00-05:00,31.637321021575005,32.10554504394531,31.637321021575005,32.10554504394531,900,0.0,0.0,0.0,LCLG
2023-01-26 00:00:00-05:00,32.142170532826015,32.36588668823242,32.142170532826015,32.36588668823242,600,0.0,0.0,0.0,LCLG
2023-01-27 00:00:00-05:00,32.40944614258422,32.62722237092646,32.40944614258422,32.482696533203125,3300,0.0,0.0,0.0,LCLG
2023-01-30 00:00:00-05:00,32.24116452826938,32.24116452826938,32.06793212890625,32.06793212890625,300,0.0,0.0,0.0,LCLG
2023-01-31 00:00:00-05:00,32.34015043096257,32.56882095336914,32.34015043096257,32.56882095336914,200,0.0,0.0,0.0,LCLG
2023-02-01 00:00:00-05:00,32.597527099510444,33.334014892578125,32.597527099510444,33.334014892578125,200,0.0,0.0,0.0,LCLG
2023-02-02 00:00:00-05:00,34.00318961228552,34.11207962036133,33.933896657361416,34.11207962036133,300,0.0,0.0,0.0,LCLG
2023-02-03 00:00:00-05:00,33.854707137597444,33.854707137597444,33.705230712890625,33.705230712890625,200,0.0,0.0,0.0,LCLG
2023-02-06 00:00:00-05:00,33.3053092956543,33.3053092956543,33.3053092956543,33.3053092956543,0,0.0,0.0,0.0,LCLG
2023-02-07 00:00:00-05:00,33.67256164550781,33.67256164550781,33.67256164550781,33.67256164550781,100,0.0,0.0,0.0,LCLG
2023-02-08 00:00:00-05:00,33.13801574707031,33.13801574707031,33.13801574707031,33.13801574707031,100,0.0,0.0,0.0,LCLG
2023-02-09 00:00:00-05:00,32.7420539855957,32.7420539855957,32.7420539855957,32.7420539855957,100,0.0,0.0,0.0,LCLG
2023-02-10 00:00:00-05:00,32.46092224121094,32.46092224121094,32.46092224121094,32.46092224121094,100,0.0,0.0,0.0,LCLG
2023-02-13 00:00:00-05:00,32.88460191500083,32.96280288696289,32.88460191500083,32.96280288696289,1700,0.0,0.0,0.0,LCLG
2023-02-14 00:00:00-05:00,33.062782287597656,33.062782287597656,33.062782287597656,33.062782287597656,100,0.0,0.0,0.0,LCLG
2023-02-15 00:00:00-05:00,33.062785256990786,33.32114791870117,33.062785256990786,33.32114791870117,1600,0.0,0.0,0.0,LCLG
2023-02-16 00:00:00-05:00,32.93607711791992,32.93607711791992,32.93607711791992,32.93607711791992,100,0.0,0.0,0.0,LCLG
2023-02-17 00:00:00-05:00,32.74502182006836,32.74502182006836,32.74502182006836,32.74502182006836,0,0.0,0.0,0.0,LCLG
2023-02-21 00:00:00-05:00,32.13227162796755,32.13227162796755,31.799665451049805,31.799665451049805,500,0.0,0.0,0.0,LCLG
2023-02-22 00:00:00-05:00,31.727401733398438,31.727401733398438,31.727401733398438,31.727401733398438,0,0.0,0.0,0.0,LCLG
2023-02-23 00:00:00-05:00,31.48883519801512,31.858068466186523,31.48883519801512,31.858068466186523,1900,0.0,0.0,0.0,LCLG
2023-02-24 00:00:00-05:00,31.36311912536621,31.36311912536621,31.36311912536621,31.36311912536621,100,0.0,0.0,0.0,LCLG
2023-02-27 00:00:00-05:00,31.54327964782715,31.54327964782715,31.54327964782715,31.54327964782715,100,0.0,0.0,0.0,LCLG
2023-02-28 00:00:00-05:00,31.618513107299805,31.618513107299805,31.618513107299805,31.618513107299805,100,0.0,0.0,0.0,LCLG
2023-03-01 00:00:00-05:00,31.405683517456055,31.405683517456055,31.405683517456055,31.405683517456055,0,0.0,0.0,0.0,LCLG
2023-03-02 00:00:00-05:00,31.743242263793945,31.743242263793945,31.743242263793945,31.743242263793945,100,0.0,0.0,0.0,LCLG
2023-03-03 00:00:00-05:00,32.32035446166992,32.32035446166992,32.32035446166992,32.32035446166992,0,0.0,0.0,0.0,LCLG
2023-03-06 00:00:00-05:00,32.24611282348633,32.24611282348633,32.24611282348633,32.24611282348633,0,0.0,0.0,0.0,LCLG
2023-03-07 00:00:00-05:00,31.99863624572754,31.99863624572754,31.99863624572754,31.99863624572754,0,0.0,0.0,0.0,LCLG
2023-03-08 00:00:00-05:00,32.215423583984375,32.215423583984375,32.215423583984375,32.215423583984375,0,0.0,0.0,0.0,LCLG
2023-03-09 00:00:00-05:00,31.63138198852539,31.63138198852539,31.63138198852539,31.63138198852539,0,0.0,0.0,0.0,LCLG
2023-03-10 00:00:00-05:00,30.90974235534668,30.90974235534668,30.90974235534668,30.90974235534668,100,0.0,0.0,0.0,LCLG
2023-03-13 00:00:00-04:00,30.781055450439453,30.781055450439453,30.781055450439453,30.781055450439453,0,0.0,0.0,0.0,LCLG
2023-03-14 00:00:00-04:00,31.201764210589733,31.328472137451172,31.201764210589733,31.328472137451172,100,0.0,0.0,0.0,LCLG
2023-03-15 00:00:00-04:00,30.756305096561988,30.954286575317383,30.723639228779398,30.954286575317383,2000,0.0,0.0,0.0,LCLG
2023-03-16 00:00:00-04:00,31.63138198852539,31.63138198852539,31.63138198852539,31.63138198852539,0,0.0,0.0,0.0,LCLG
2023-03-17 00:00:00-04:00,31.307685467248543,31.307685467248543,31.15226910436327,31.263139724731445,800,0.0,0.0,0.0,LCLG
2023-03-20 00:00:00-04:00,31.523481369018555,31.523481369018555,31.523481369018555,31.523481369018555,0,0.0,0.0,0.0,LCLG
2023-03-21 00:00:00-04:00,31.99764633178711,31.99764633178711,31.99764633178711,31.99764633178711,100,0.0,0.0,0.0,LCLG
2023-03-22 00:00:00-04:00,31.993684611906904,31.993684611906904,31.450227737426758,31.450227737426758,900,0.0,0.0,0.0,LCLG
2023-03-23 00:00:00-04:00,31.736313887777687,31.756112414861217,31.566049575805664,31.566049575805664,1500,0.0,0.0,0.0,LCLG
2023-03-24 00:00:00-04:00,31.497745513916016,31.497745513916016,31.497745513916016,31.497745513916016,0,0.0,0.0,0.0,LCLG
2023-03-27 00:00:00-04:00,31.521503448486328,31.521503448486328,31.521503448486328,31.521503448486328,0,0.0,0.0,0.0,LCLG
2023-03-28 00:00:00-04:00,31.430431365966797,31.430431365966797,31.430431365966797,31.430431365966797,0,0.0,0.0,0.0,LCLG
2023-03-29 00:00:00-04:00,31.845199410175795,31.979827880859375,31.845199410175795,31.979827880859375,900,0.0,0.0,0.0,LCLG
2023-03-30 00:00:00-04:00,32.1995849609375,32.1995849609375,32.1995849609375,32.1995849609375,0,0.0,0.0,0.0,LCLG
2023-03-31 00:00:00-04:00,32.7608642578125,32.7608642578125,32.7608642578125,32.7608642578125,100,0.0,0.0,0.0,LCLG
2023-04-03 00:00:00-04:00,32.77273941040039,32.77273941040039,32.77273941040039,32.77273941040039,100,0.0,0.0,0.0,LCLG
2023-04-04 00:00:00-04:00,32.41340255737305,32.41340255737305,32.41340255737305,32.41340255737305,100,0.0,0.0,0.0,LCLG
2023-04-05 00:00:00-04:00,32.0283317565918,32.0283317565918,32.0283317565918,32.0283317565918,100,0.0,0.0,0.0,LCLG
2023-04-06 00:00:00-04:00,31.979827880859375,31.979827880859375,31.979827880859375,31.979827880859375,100,0.0,0.0,0.0,LCLG
2023-04-10 00:00:00-04:00,32.13722610473633,32.13722610473633,32.13722610473633,32.13722610473633,0,0.0,0.0,0.0,LCLG
2023-04-11 00:00:00-04:00,32.24413299560547,32.24413299560547,32.24413299560547,32.24413299560547,0,0.0,0.0,0.0,LCLG
2023-04-12 00:00:00-04:00,32.055057525634766,32.055057525634766,32.055057525634766,32.055057525634766,0,0.0,0.0,0.0,LCLG
2023-04-13 00:00:00-04:00,32.564857482910156,32.564857482910156,32.564857482910156,32.564857482910156,0,0.0,0.0,0.0,LCLG
2023-04-14 00:00:00-04:00,32.56584930419922,32.56584930419922,32.56584930419922,32.56584930419922,0,0.0,0.0,0.0,LCLG
2023-04-17 00:00:00-04:00,32.643062591552734,32.643062591552734,32.643062591552734,32.643062591552734,100,0.0,0.0,0.0,LCLG
2023-04-18 00:00:00-04:00,32.79550671297989,32.845001136819235,32.647019665279394,32.73017120361328,1700,0.0,0.0,0.0,LCLG
2023-04-19 00:00:00-04:00,32.572776794433594,32.572776794433594,32.572776794433594,32.572776794433594,0,0.0,0.0,0.0,LCLG
2023-04-20 00:00:00-04:00,32.54803466796875,32.54803466796875,32.54803466796875,32.54803466796875,0,0.0,0.0,0.0,LCLG
2023-04-21 00:00:00-04:00,32.65989303588867,32.65989303588867,32.65989303588867,32.65989303588867,0,0.0,0.0,0.0,LCLG
2023-04-24 00:00:00-04:00,32.71235656738281,32.71235656738281,32.71235656738281,32.71235656738281,0,0.0,0.0,0.0,LCLG
2023-04-25 00:00:00-04:00,31.979827880859375,31.979827880859375,31.979827880859375,31.979827880859375,0,0.0,0.0,0.0,LCLG
2023-04-26 00:00:00-04:00,31.989728180685127,31.989728180685127,31.77590560913086,31.77590560913086,300,0.0,0.0,0.0,LCLG
2023-04-27 00:00:00-04:00,32.330251223276655,32.42726135253906,32.330251223276655,32.42726135253906,200,0.0,0.0,0.0,LCLG
2023-04-28 00:00:00-04:00,32.68958758174645,32.68958758174645,32.677711486816406,32.677711486816406,700,0.0,0.0,0.0,LCLG
2023-05-01 00:00:00-04:00,32.73809051513672,32.73809051513672,32.73809051513672,32.73809051513672,0,0.0,0.0,0.0,LCLG
2023-05-02 00:00:00-04:00,32.39756774902344,32.39756774902344,32.39756774902344,32.39756774902344,0,0.0,0.0,0.0,LCLG
2023-05-03 00:00:00-04:00,32.33025221237696,32.33025221237696,32.034271240234375,32.034271240234375,400,0.0,0.0,0.0,LCLG
2023-05-04 00:00:00-04:00,31.726411819458008,31.726411819458008,31.726411819458008,31.726411819458008,0,0.0,0.0,0.0,LCLG
2023-05-05 00:00:00-04:00,32.26194763183594,32.26194763183594,32.26194763183594,32.26194763183594,0,0.0,0.0,0.0,LCLG
2023-05-08 00:00:00-04:00,32.234230041503906,32.234230041503906,32.234230041503906,32.234230041503906,0,0.0,0.0,0.0,LCLG
2023-05-09 00:00:00-04:00,31.835302887690048,32.018436431884766,31.835302887690048,32.018436431884766,800,0.0,0.0,0.0,LCLG
2023-05-10 00:00:00-04:00,32.20453643798828,32.20453643798828,32.20453643798828,32.20453643798828,100,0.0,0.0,0.0,LCLG
2023-05-11 00:00:00-04:00,32.23225402832031,32.23225402832031,32.23225402832031,32.23225402832031,0,0.0,0.0,0.0,LCLG
2023-05-12 00:00:00-04:00,32.18473815917969,32.18473815917969,32.18473815917969,32.18473815917969,100,0.0,0.0,0.0,LCLG
2023-05-15 00:00:00-04:00,32.33718490600586,32.33718490600586,32.33718490600586,32.33718490600586,100,0.0,0.0,0.0,LCLG
2023-05-16 00:00:00-04:00,32.124351501464844,32.124351501464844,32.124351501464844,32.124351501464844,0,0.0,0.0,0.0,LCLG
2023-05-17 00:00:00-04:00,32.60445785522461,32.60445785522461,32.60445785522461,32.60445785522461,0,0.0,0.0,0.0,LCLG
2023-05-18 00:00:00-04:00,33.2310676574707,33.2310676574707,33.2310676574707,33.2310676574707,0,0.0,0.0,0.0,LCLG
2023-05-19 00:00:00-04:00,32.9964599609375,32.9964599609375,32.9964599609375,32.9964599609375,0,0.0,0.0,0.0,LCLG
2023-05-22 00:00:00-04:00,32.96082305908203,32.96082305908203,32.96082305908203,32.96082305908203,0,0.0,0.0,0.0,LCLG
2023-05-23 00:00:00-04:00,32.874699101719735,32.874699101719735,32.554962158203125,32.554962158203125,300,0.0,0.0,0.0,LCLG
2023-05-24 00:00:00-04:00,32.2817497253418,32.2817497253418,32.2817497253418,32.2817497253418,100,0.0,0.0,0.0,LCLG
2023-05-25 00:00:00-04:00,32.61435317993164,32.61435317993164,32.61435317993164,32.61435317993164,100,0.0,0.0,0.0,LCLG
2023-05-26 00:00:00-04:00,33.4666633605957,33.4666633605957,33.4666633605957,33.4666633605957,0,0.0,0.0,0.0,LCLG
2023-05-30 00:00:00-04:00,33.693349213024995,33.693349213024995,33.429046630859375,33.429046630859375,300,0.0,0.0,0.0,LCLG
2023-05-31 00:00:00-04:00,32.99349146050605,33.134056091308594,32.99349146050605,33.134056091308594,300,0.0,0.0,0.0,LCLG
2023-06-01 00:00:00-04:00,33.41518783569336,33.41518783569336,33.41518783569336,33.41518783569336,100,0.0,0.0,0.0,LCLG
2023-06-02 00:00:00-04:00,34.0645637512207,34.0645637512207,34.0645637512207,34.0645637512207,100,0.0,0.0,0.0,LCLG
2023-06-05 00:00:00-04:00,33.93092727661133,33.93092727661133,33.93092727661133,33.93092727661133,0,0.0,0.0,0.0,LCLG
2023-06-06 00:00:00-04:00,34.08238220214844,34.08238220214844,34.08238220214844,34.08238220214844,0,0.0,0.0,0.0,LCLG
2023-06-07 00:00:00-04:00,33.99329466321482,34.01309319120371,33.99329466321482,33.99824523925781,1500,0.0,0.0,0.0,LCLG
2023-06-08 00:00:00-04:00,34.15167593064191,34.17147445678711,34.15167593064191,34.17147445678711,1000,0.0,0.0,0.0,LCLG
2023-06-09 00:00:00-04:00,34.37935435625452,34.37935435625452,34.07545471191406,34.07545471191406,300,0.0,0.0,0.0,LCLG
2023-06-12 00:00:00-04:00,34.60702846906497,34.64662551879883,34.60702846906497,34.64662551879883,200,0.0,0.0,0.0,LCLG
2023-06-13 00:00:00-04:00,34.96339802109406,34.97329917265432,34.91390359184141,34.946571350097656,3500,0.0,0.0,0.0,LCLG
2023-06-14 00:00:00-04:00,35.08614730834961,35.08614730834961,35.08614730834961,35.08614730834961,100,0.0,0.0,0.0,LCLG
2023-06-15 00:00:00-04:00,35.494972229003906,35.494972229003906,35.494972229003906,35.494972229003906,0,0.0,0.0,0.0,LCLG
2023-06-16 00:00:00-04:00,35.27125930786133,35.27125930786133,35.27125930786133,35.27125930786133,100,0.0,0.0,0.0,LCLG
2023-06-20 00:00:00-04:00,35.09604263305664,35.09604263305664,35.09604263305664,35.09604263305664,100,0.0,0.0,0.0,LCLG
2023-06-21 00:00:00-04:00,34.94458770751953,34.94458770751953,34.94458770751953,34.94458770751953,0,0.0,0.0,0.0,LCLG
2023-06-22 00:00:00-04:00,35.027740478515625,35.027740478515625,35.027740478515625,35.027740478515625,0,0.0,0.0,0.0,LCLG
2023-06-23 00:00:00-04:00,34.867374420166016,34.867374420166016,34.867374420166016,34.867374420166016,0,0.0,0.0,0.0,LCLG
2023-06-26 00:00:00-04:00,34.84362030029297,34.84362030029297,34.84362030029297,34.84362030029297,100,0.0,0.0,0.0,LCLG
2023-06-27 00:00:00-04:00,34.94854958472733,35.43162155151367,34.94854958472733,35.43162155151367,300,0.0,0.0,0.0,LCLG
2023-06-28 00:00:00-04:00,35.45439147949219,35.45439147949219,35.45439147949219,35.45439147949219,100,0.0,0.0,0.0,LCLG
2023-06-29 00:00:00-04:00,35.54744161344438,35.68602752685547,35.54744161344438,35.68602752685547,300,0.0,0.0,0.0,LCLG
2023-06-30 00:00:00-04:00,36.110696445315035,36.13148433197353,36.10673522949219,36.10673522949219,800,0.0,0.0,0.0,LCLG
2023-07-03 00:00:00-04:00,36.049320220947266,36.049320220947266,36.049320220947266,36.049320220947266,200,0.0,0.0,0.0,LCLG
2023-07-05 00:00:00-04:00,35.885986328125,35.885986328125,35.885986328125,35.885986328125,100,0.0,0.0,0.0,LCLG
2023-07-06 00:00:00-04:00,35.517745230395256,35.56031036376953,35.517745230395256,35.56031036376953,200,0.0,0.0,0.0,LCLG
2023-07-07 00:00:00-04:00,35.785019352621475,35.785019352621475,35.48210906982422,35.48210906982422,2800,0.0,0.0,0.0,LCLG
2023-07-10 00:00:00-04:00,35.79491723048289,35.9047966003418,35.78501985511687,35.9047966003418,11300,0.0,0.0,0.0,LCLG
2023-07-11 00:00:00-04:00,36.05229021240131,36.27204895019531,36.05229021240131,36.27204895019531,1400,0.0,0.0,0.0,LCLG
2023-07-12 00:00:00-04:00,36.4977445698619,36.54328155517578,36.48784719541065,36.54328155517578,200,0.0,0.0,0.0,LCLG
2023-07-13 00:00:00-04:00,36.85213088989258,36.85213088989258,36.85213088989258,36.85213088989258,0,0.0,0.0,0.0,LCLG
2023-07-14 00:00:00-04:00,36.839266919714504,36.839266919714504,36.76700210571289,36.76700210571289,400,0.0,0.0,0.0,LCLG
2023-07-17 00:00:00-04:00,37.04219436645508,37.04219436645508,37.04219436645508,37.04219436645508,100,0.0,0.0,0.0,LCLG
2023-07-18 00:00:00-04:00,36.96300051463723,37.17087936401367,36.96300051463723,37.17087936401367,100,0.0,0.0,0.0,LCLG
2023-07-19 00:00:00-04:00,37.2817497253418,37.2817497253418,37.2817497253418,37.2817497253418,100,0.0,0.0,0.0,LCLG
2023-07-20 00:00:00-04:00,36.64821243286133,36.64821243286133,36.64821243286133,36.64821243286133,100,0.0,0.0,0.0,LCLG
2023-07-21 00:00:00-04:00,36.65910339355469,36.65910339355469,36.65910339355469,36.65910339355469,100,0.0,0.0,0.0,LCLG
2023-07-24 00:00:00-04:00,36.5175447730656,36.6204948425293,36.5175447730656,36.6204948425293,2900,0.0,0.0,0.0,LCLG
2023-07-25 00:00:00-04:00,36.784820556640625,36.784820556640625,36.784820556640625,36.784820556640625,100,0.0,0.0,0.0,LCLG
2023-07-26 00:00:00-04:00,36.972900390625,36.972900390625,36.972900390625,36.972900390625,0,0.0,0.0,0.0,LCLG
2023-07-27 00:00:00-04:00,36.81056213378906,36.81056213378906,36.81056213378906,36.81056213378906,100,0.0,0.0,0.0,LCLG
2023-07-28 00:00:00-04:00,37.289669036865234,37.289669036865234,37.289669036865234,37.289669036865234,0,0.0,0.0,0.0,LCLG
2023-07-31 00:00:00-04:00,37.37579345703125,37.37579345703125,37.37579345703125,37.37579345703125,100,0.0,0.0,0.0,LCLG
2023-08-01 00:00:00-04:00,37.30253982543945,37.30253982543945,37.30253982543945,37.30253982543945,100,0.0,0.0,0.0,LCLG
2023-08-02 00:00:00-04:00,36.65316390991211,36.65316390991211,36.65316390991211,36.65316390991211,100,0.0,0.0,0.0,LCLG
2023-08-03 00:00:00-04:00,36.676918029785156,36.676918029785156,36.676918029785156,36.676918029785156,0,0.0,0.0,0.0,LCLG
2023-08-04 00:00:00-04:00,36.908560664705874,36.908560664705874,36.410640716552734,36.410640716552734,600,0.0,0.0,0.0,LCLG
2023-08-07 00:00:00-04:00,36.8551025390625,36.8551025390625,36.8551025390625,36.8551025390625,100,0.0,0.0,0.0,LCLG
2023-08-08 00:00:00-04:00,36.639305114746094,36.639305114746094,36.639305114746094,36.639305114746094,100,0.0,0.0,0.0,LCLG
2023-08-09 00:00:00-04:00,36.27006912231445,36.27006912231445,36.27006912231445,36.27006912231445,100,0.0,0.0,0.0,LCLG
2023-08-10 00:00:00-04:00,36.33936117063833,36.408654122299765,36.28194808959961,36.28194808959961,300,0.0,0.0,0.0,LCLG
2023-08-11 00:00:00-04:00,36.02754211425781,36.02754211425781,36.02754211425781,36.02754211425781,0,0.0,0.0,0.0,LCLG
2023-08-14 00:00:00-04:00,36.383907318115234,36.383907318115234,36.383907318115234,36.383907318115234,0,0.0,0.0,0.0,LCLG
2023-08-15 00:00:00-04:00,36.05921936035156,36.05921936035156,36.05921936035156,36.05921936035156,0,0.0,0.0,0.0,LCLG
2023-08-16 00:00:00-04:00,35.673160552978516,35.673160552978516,35.673160552978516,35.673160552978516,100,0.0,0.0,0.0,LCLG
2023-08-17 00:00:00-04:00,35.25640869140625,35.25640869140625,35.25640869140625,35.25640869140625,100,0.0,0.0,0.0,LCLG
2023-08-18 00:00:00-04:00,35.240569905841376,35.240569905841376,35.20988464355469,35.20988464355469,400,0.0,0.0,0.0,LCLG
2023-08-21 00:00:00-04:00,35.457359313964844,35.457359313964844,35.457359313964844,35.457359313964844,0,0.0,0.0,0.0,LCLG
2023-08-22 00:00:00-04:00,35.1712779399811,35.20097761936592,35.14752197265625,35.14752197265625,1600,0.0,0.0,0.0,LCLG
2023-08-23 00:00:00-04:00,35.693946838378906,35.693946838378906,35.693946838378906,35.693946838378906,0,0.0,0.0,0.0,LCLG
2023-08-24 00:00:00-04:00,35.06832504272461,35.06832504272461,35.06832504272461,35.06832504272461,0,0.0,0.0,0.0,LCLG
2023-08-25 00:00:00-04:00,35.276206970214844,35.276206970214844,35.276206970214844,35.276206970214844,100,0.0,0.0,0.0,LCLG
2023-08-28 00:00:00-04:00,35.57713317871094,35.57713317871094,35.57713317871094,35.57713317871094,100,0.0,0.0,0.0,LCLG
2023-08-29 00:00:00-04:00,36.239383697509766,36.239383697509766,36.239383697509766,36.239383697509766,100,0.0,0.0,0.0,LCLG
2023-08-30 00:00:00-04:00,36.438358306884766,36.438358306884766,36.438358306884766,36.438358306884766,100,0.0,0.0,0.0,LCLG
2023-08-31 00:00:00-04:00,36.52348327636719,36.52348327636719,36.52348327636719,36.52348327636719,100,0.0,0.0,0.0,LCLG
2023-09-01 00:00:00-04:00,36.616538260950655,36.65910339355469,36.57199063237279,36.65910339355469,700,0.0,0.0,0.0,LCLG
2023-09-05 00:00:00-04:00,36.34332275390625,36.34332275390625,36.34332275390625,36.34332275390625,0,0.0,0.0,0.0,LCLG
2023-09-06 00:00:00-04:00,36.123565673828125,36.123565673828125,36.123565673828125,36.123565673828125,100,0.0,0.0,0.0,LCLG
2023-09-07 00:00:00-04:00,35.89390563964844,35.89390563964844,35.89390563964844,35.89390563964844,100,0.0,0.0,0.0,LCLG
2023-09-08 00:00:00-04:00,35.82956351808631,35.82956351808631,35.725624084472656,35.725624084472656,200,0.0,0.0,0.0,LCLG
2023-09-11 00:00:00-04:00,35.88400650024414,35.88400650024414,35.88400650024414,35.88400650024414,100,0.0,0.0,0.0,LCLG
2023-09-12 00:00:00-04:00,35.58307647705078,35.58307647705078,35.58307647705078,35.58307647705078,100,0.0,0.0,0.0,LCLG
2023-09-13 00:00:00-04:00,35.686027747078406,35.695928898773396,35.53457260131836,35.53457260131836,1500,0.0,0.0,0.0,LCLG
2023-09-14 00:00:00-04:00,35.788978576660156,35.788978576660156,35.788978576660156,35.788978576660156,100,0.0,0.0,0.0,LCLG
2023-09-15 00:00:00-04:00,35.340553283691406,35.340553283691406,35.340553283691406,35.340553283691406,0,0.0,0.0,0.0,LCLG
2023-09-18 00:00:00-04:00,35.42667321007308,35.42667321007308,35.2870979309082,35.2870979309082,1800,0.0,0.0,0.0,LCLG
2023-09-19 00:00:00-04:00,35.261356353759766,35.261356353759766,35.261356353759766,35.261356353759766,100,0.0,0.0,0.0,LCLG
2023-09-20 00:00:00-04:00,35.33956028551043,35.33956028551043,34.87529373168945,34.87529373168945,3900,0.0,0.0,0.0,LCLG
2023-09-21 00:00:00-04:00,34.35757557627667,34.35757557627667,34.19424057006836,34.19424057006836,100,0.0,0.0,0.0,LCLG
2023-09-22 00:00:00-04:00,34.36945590115655,34.40904917721709,34.18830108642578,34.18830108642578,3800,0.0,0.0,0.0,LCLG
2023-09-25 00:00:00-04:00,34.356590270996094,34.356590270996094,34.356590270996094,34.356590270996094,100,0.0,0.0,0.0,LCLG
2023-09-26 00:00:00-04:00,33.757694244384766,33.757694244384766,33.757694244384766,33.757694244384766,100,0.0,0.0,0.0,LCLG
2023-09-27 00:00:00-04:00,33.93389836059988,33.93389836059988,33.858665466308594,33.858665466308594,400,0.0,0.0,0.0,LCLG
2023-09-28 00:00:00-04:00,34.248687744140625,34.248687744140625,34.248687744140625,34.248687744140625,100,0.0,0.0,0.0,LCLG
2023-09-29 00:00:00-04:00,34.22888946533203,34.22888946533203,34.22888946533203,34.22888946533203,100,0.0,0.0,0.0,LCLG
2023-10-02 00:00:00-04:00,34.2021598815918,34.2021598815918,34.2021598815918,34.2021598815918,100,0.0,0.0,0.0,LCLG
2023-10-03 00:00:00-04:00,33.63197708129883,33.63197708129883,33.63197708129883,33.63197708129883,0,0.0,0.0,0.0,LCLG
2023-10-04 00:00:00-04:00,34.0031910510499,34.04377746582031,33.95369662060743,34.04377746582031,1000,0.0,0.0,0.0,LCLG
2023-10-05 00:00:00-04:00,33.847774505615234,33.847774505615234,33.847774505615234,33.847774505615234,0,0.0,0.0,0.0,LCLG
2023-10-06 00:00:00-04:00,34.37143325805664,34.37143325805664,34.37143325805664,34.37143325805664,0,0.0,0.0,0.0,LCLG
2023-10-09 00:00:00-04:00,34.171476387316424,34.54269027709961,34.171476387316424,34.54269027709961,4800,0.0,0.0,0.0,LCLG
2023-10-10 00:00:00-04:00,34.78422164916992,34.78422164916992,34.78422164916992,34.78422164916992,0,0.0,0.0,0.0,LCLG
2023-10-11 00:00:00-04:00,34.90400350174374,34.982208251953125,34.90400350174374,34.982208251953125,400,0.0,0.0,0.0,LCLG
2023-10-12 00:00:00-04:00,34.607030306759,34.788185119628906,34.597132931891224,34.788185119628906,2200,0.0,0.0,0.0,LCLG
2023-10-13 00:00:00-04:00,34.73572155388988,34.73572155388988,34.30709457397461,34.30709457397461,300,0.0,0.0,0.0,LCLG
2023-10-16 00:00:00-04:00,34.84461113102262,34.90697479248047,34.84461113102262,34.90697479248047,200,0.0,0.0,0.0,LCLG
2023-10-17 00:00:00-04:00,34.91984176635742,34.91984176635742,34.91984176635742,34.91984176635742,0,0.0,0.0,0.0,LCLG
2023-10-18 00:00:00-04:00,34.23284912109375,34.23284912109375,34.23284912109375,34.23284912109375,100,0.0,0.0,0.0,LCLG
2023-10-19 00:00:00-04:00,34.05367660522461,34.05367660522461,34.05367660522461,34.05367660522461,100,0.0,0.0,0.0,LCLG
2023-10-20 00:00:00-04:00,34.013087768202006,34.013087768202006,33.68840026855469,33.68840026855469,300,0.0,0.0,0.0,LCLG
2023-10-23 00:00:00-04:00,33.65771484375,33.65771484375,33.65771484375,33.65771484375,100,0.0,0.0,0.0,LCLG
2023-10-24 00:00:00-04:00,33.882423400878906,33.882423400878906,33.882423400878906,33.882423400878906,0,0.0,0.0,0.0,LCLG
2023-10-25 00:00:00-04:00,33.0330839656682,33.04496383666992,33.02318659062194,33.04496383666992,1400,0.0,0.0,0.0,LCLG
2023-10-26 00:00:00-04:00,32.607425689697266,32.607425689697266,32.607425689697266,32.607425689697266,100,0.0,0.0,0.0,LCLG
2023-10-27 00:00:00-04:00,32.65592956542969,32.65592956542969,32.65592956542969,32.65592956542969,100,0.0,0.0,0.0,LCLG
2023-10-30 00:00:00-04:00,33.123165130615234,33.123165130615234,33.123165130615234,33.123165130615234,0,0.0,0.0,0.0,LCLG
2023-10-31 00:00:00-04:00,33.42904728702677,33.43696594238281,33.42904728702677,33.43696594238281,400,0.0,0.0,0.0,LCLG
2023-11-01 00:00:00-04:00,33.54783232359056,33.54783232359056,33.517147064208984,33.517147064208984,300,0.0,0.0,0.0,LCLG
2023-11-02 00:00:00-04:00,34.13187658430591,34.264522552490234,34.13187658430591,34.264522552490234,200,0.0,0.0,0.0,LCLG
2023-11-03 00:00:00-04:00,34.87232971191406,34.87232971191406,34.87232971191406,34.87232971191406,0,0.0,0.0,0.0,LCLG
2023-11-06 00:00:00-05:00,34.7060246550034,34.814910888671875,34.66642760120601,34.814910888671875,7600,0.0,0.0,0.0,LCLG
2023-11-07 00:00:00-05:00,35.127723693847656,35.127723693847656,35.127723693847656,35.127723693847656,100,0.0,0.0,0.0,LCLG
2023-11-08 00:00:00-05:00,35.212852478027344,35.212852478027344,35.212852478027344,35.212852478027344,100,0.0,0.0,0.0,LCLG
2023-11-09 00:00:00-05:00,35.29006684991802,35.29006684991802,34.973297982065304,34.97824478149414,4900,0.0,0.0,0.0,LCLG
2023-11-10 00:00:00-05:00,35.58406448364258,35.58406448364258,35.58406448364258,35.58406448364258,100,0.0,0.0,0.0,LCLG
2023-11-13 00:00:00-05:00,35.31481162148859,35.4385495765577,35.31481162148859,35.38212585449219,9300,0.0,0.0,0.0,LCLG
2023-11-14 00:00:00-05:00,36.3116455078125,36.3116455078125,36.3116455078125,36.3116455078125,100,0.0,0.0,0.0,LCLG
2023-11-15 00:00:00-05:00,36.51556396484375,36.51556396484375,36.51556396484375,36.51556396484375,100,0.0,0.0,0.0,LCLG
2023-11-16 00:00:00-05:00,36.40865793303152,36.43043518066406,36.40865793303152,36.43043518066406,200,0.0,0.0,0.0,LCLG
2023-11-17 00:00:00-05:00,36.64623711752325,36.65613449345929,36.6373291015625,36.6373291015625,300,0.0,0.0,0.0,LCLG
2023-11-20 00:00:00-05:00,36.94221496582031,36.94221496582031,36.94221496582031,36.94221496582031,100,0.0,0.0,0.0,LCLG
2023-11-21 00:00:00-05:00,37.054073333740234,37.054073333740234,37.054073333740234,37.054073333740234,100,0.0,0.0,0.0,LCLG
2023-11-22 00:00:00-05:00,37.26492691040039,37.26492691040039,37.26492691040039,37.26492691040039,100,0.0,0.0,0.0,LCLG
2023-11-24 00:00:00-05:00,37.34807586669922,37.34807586669922,37.34807586669922,37.34807586669922,100,0.0,0.0,0.0,LCLG
2023-11-27 00:00:00-05:00,37.260963439941406,37.260963439941406,37.260963439941406,37.260963439941406,100,0.0,0.0,0.0,LCLG
2023-11-28 00:00:00-05:00,37.16692352294922,37.16692352294922,37.16692352294922,37.16692352294922,100,0.0,0.0,0.0,LCLG
2023-11-29 00:00:00-05:00,37.187713623046875,37.187713623046875,37.187713623046875,37.187713623046875,100,0.0,0.0,0.0,LCLG
2023-11-30 00:00:00-05:00,37.244136810302734,37.244136810302734,37.244136810302734,37.244136810302734,100,0.0,0.0,0.0,LCLG
2023-12-01 00:00:00-05:00,37.484684249501235,37.76185607910156,37.484684249501235,37.76185607910156,200,0.0,0.0,0.0,LCLG
2023-12-04 00:00:00-05:00,37.58664408178039,37.591590881347656,37.58664408178039,37.591590881347656,500,0.0,0.0,0.0,LCLG
2023-12-05 00:00:00-05:00,37.220374524270234,37.31045913696289,37.220374524270234,37.31045913696289,800,0.0,0.0,0.0,LCLG
2023-12-06 00:00:00-05:00,37.2183952331543,37.2183952331543,37.2183952331543,37.2183952331543,100,0.0,0.0,0.0,LCLG
2023-12-07 00:00:00-05:00,37.62821960449219,37.62821960449219,37.62821960449219,37.62821960449219,100,0.0,0.0,0.0,LCLG
2023-12-08 00:00:00-05:00,37.74502579973335,37.77571105957031,37.74502579973335,37.77571105957031,500,0.0,0.0,0.0,LCLG
2023-12-11 00:00:00-05:00,38.279574035998564,38.279574035998564,38.23998075813594,38.263736724853516,1400,0.0,0.0,0.0,LCLG
2023-12-12 00:00:00-05:00,38.503292083740234,38.503292083740234,38.503292083740234,38.503292083740234,900,0.0,0.0,0.0,LCLG
2023-12-13 00:00:00-05:00,38.60624357807606,39.227901458740234,38.60624357807606,39.227901458740234,300,0.0,0.0,0.0,LCLG
2023-12-14 00:00:00-05:00,39.60604492905921,39.653560638427734,39.56645165140452,39.653560638427734,900,0.0,0.0,0.0,LCLG
2023-12-15 00:00:00-05:00,39.66543820837655,39.716915130615234,39.6357423078128,39.716915130615234,2300,0.0,0.0,0.0,LCLG
2023-12-18 00:00:00-05:00,39.91588592529297,39.91588592529297,39.91588592529297,39.91588592529297,100,0.0,0.0,0.0,LCLG
2023-12-19 00:00:00-05:00,40.09109701834096,40.239584073326405,40.09109701834096,40.22968292236328,500,0.0,0.0,0.0,LCLG
2023-12-20 00:00:00-05:00,40.338574475968,40.338574475968,39.780269622802734,39.780269622802734,400,0.0,0.0,0.0,LCLG
2023-12-21 00:00:00-05:00,40.30887985229492,40.30887985229492,40.30887985229492,40.30887985229492,100,0.0,0.0,0.0,LCLG
2023-12-22 00:00:00-05:00,40.394011887619385,40.399951823637174,40.31877899169922,40.31877899169922,300,0.0,0.0,0.0,LCLG
2023-12-26 00:00:00-05:00,40.53556442260742,40.53556442260742,40.53556442260742,40.53556442260742,100,0.0,0.0,0.0,LCLG
2023-12-27 00:00:00-05:00,40.507579766404795,40.56954574584961,40.507579766404795,40.56954574584961,500,0.391,0.0,0.0,LCLG
2023-12-28 00:00:00-05:00,40.54755783081055,40.54755783081055,40.54755783081055,40.54755783081055,100,0.0,0.0,0.0,LCLG
2023-12-29 00:00:00-05:00,40.517576789025206,40.517576789025206,40.15777530790514,40.28770446777344,8400,0.0,0.0,0.0,LCLG
2024-01-02 00:00:00-05:00,39.937897255487904,39.937897255487904,39.6010856628418,39.6010856628418,4200,0.0,0.0,0.0,LCLG
2024-01-03 00:00:00-05:00,38.858497107676826,38.858497107676826,38.7955322265625,38.7955322265625,7000,0.0,0.0,0.0,LCLG
2024-01-04 00:00:00-05:00,38.91845789931416,38.91845789931416,38.69258499145508,38.69258499145508,2200,0.0,0.0,0.0,LCLG
2024-01-05 00:00:00-05:00,38.62162780761719,38.62162780761719,38.62162780761719,38.62162780761719,0,0.0,0.0,0.0,LCLG
2024-01-08 00:00:00-05:00,39.38120651245117,39.38120651245117,39.38120651245117,39.38120651245117,100,0.0,0.0,0.0,LCLG
2024-01-09 00:00:00-05:00,39.29225158691406,39.29225158691406,39.29225158691406,39.29225158691406,100,0.0,0.0,0.0,LCLG
2024-01-10 00:00:00-05:00,39.46015930175781,39.46015930175781,39.46015930175781,39.46015930175781,100,0.0,0.0,0.0,LCLG
2024-01-11 00:00:00-05:00,39.5531120300293,39.5531120300293,39.5531120300293,39.5531120300293,100,0.0,0.0,0.0,LCLG
2024-01-12 00:00:00-05:00,39.45816047958812,39.53411865234375,39.45816047958812,39.53411865234375,200,0.0,0.0,0.0,LCLG
2024-01-16 00:00:00-05:00,39.37321090698242,39.37321090698242,39.37321090698242,39.37321090698242,100,0.0,0.0,0.0,LCLG
2024-01-17 00:00:00-05:00,39.163326263427734,39.163326263427734,39.163326263427734,39.163326263427734,100,0.0,0.0,0.0,LCLG
2024-01-18 00:00:00-05:00,39.66804470175181,39.825958251953125,39.66804470175181,39.825958251953125,500,0.0,0.0,0.0,LCLG
2024-01-19 00:00:00-05:00,40.406639099121094,40.406639099121094,40.406639099121094,40.406639099121094,100,0.0,0.0,0.0,LCLG
2024-01-22 00:00:00-05:00,40.727459640850086,40.8114128112793,40.727459640850086,40.8114128112793,700,0.0,0.0,0.0,LCLG
2024-01-23 00:00:00-05:00,40.81740999126901,40.81740999126901,40.55755548472121,40.74245071411133,1600,0.0,0.0,0.0,LCLG
2024-01-24 00:00:00-05:00,41.03728841445317,41.03728841445317,40.94034194946289,40.94034194946289,500,0.0,0.0,0.0,LCLG
2024-01-25 00:00:00-05:00,41.417076626540215,41.417076626540215,41.280155181884766,41.280155181884766,4100,0.0,0.0,0.0,LCLG
2024-01-26 00:00:00-05:00,41.11324691772461,41.11324691772461,41.11324691772461,41.11324691772461,100,0.0,0.0,0.0,LCLG
2024-01-29 00:00:00-05:00,41.117243766433845,41.4670524597168,41.097254371453054,41.4670524597168,3800,0.0,0.0,0.0,LCLG
2024-01-30 00:00:00-05:00,41.36310958862305,41.36310958862305,41.36310958862305,41.36310958862305,100,0.0,0.0,0.0,LCLG
2024-01-31 00:00:00-05:00,40.54456329345703,40.54456329345703,40.54456329345703,40.54456329345703,100,0.0,0.0,0.0,LCLG
2024-02-01 00:00:00-05:00,41.13723373413086,41.13723373413086,41.13723373413086,41.13723373413086,100,0.0,0.0,0.0,LCLG
2024-02-02 00:00:00-05:00,41.96577453613281,41.96577453613281,41.96577453613281,41.96577453613281,100,0.0,0.0,0.0,LCLG
2024-02-05 00:00:00-05:00,41.776879789567595,41.776879789567595,41.751895904541016,41.751895904541016,1600,0.0,0.0,0.0,LCLG
2024-02-06 00:00:00-05:00,41.706915818284244,41.718910217285156,41.651945937548334,41.718910217285156,1000,0.0,0.0,0.0,LCLG
2024-02-07 00:00:00-05:00,42.051727294921875,42.051727294921875,42.051727294921875,42.051727294921875,0,0.0,0.0,0.0,LCLG
2024-02-08 00:00:00-05:00,42.30658771485125,42.30658771485125,42.30059051513672,42.30059051513672,100,0.0,0.0,0.0,LCLG
2024-02-09 00:00:00-05:00,42.6553955078125,42.6553955078125,42.6553955078125,42.6553955078125,200,0.0,0.0,0.0,LCLG
2024-02-12 00:00:00-05:00,42.6663855362524,42.70636432610003,42.65239334106445,42.65239334106445,600,0.0,0.0,0.0,LCLG
2024-02-13 00:00:00-05:00,41.90380859375,41.90380859375,41.90380859375,41.90380859375,500,0.0,0.0,0.0,LCLG
2024-02-14 00:00:00-05:00,42.296590087414856,42.57443618774414,42.296590087414856,42.57443618774414,200,0.0,0.0,0.0,LCLG
2024-02-15 00:00:00-05:00,42.9862084966657,43.018192291259766,42.9862084966657,43.018192291259766,500,0.0,0.0,0.0,LCLG
2024-02-16 00:00:00-05:00,43.16610824157568,43.22607642533296,42.83029556274414,42.83029556274414,1300,0.0,0.0,0.0,LCLG
2024-02-20 00:00:00-05:00,42.23662271755998,42.356559086082584,42.23662271755998,42.34156799316406,10300,0.0,0.0,0.0,LCLG
2024-02-21 00:00:00-05:00,42.326572896455815,42.45150375366211,42.326572896455815,42.45150375366211,2200,0.0,0.0,0.0,LCLG
2024-02-22 00:00:00-05:00,43.504920959472656,43.504920959472656,43.504920959472656,43.504920959472656,1000,0.0,0.0,0.0,LCLG
2024-02-23 00:00:00-05:00,43.53990173339844,43.53990173339844,43.53990173339844,43.53990173339844,200,0.0,0.0,0.0,LCLG
2024-02-26 00:00:00-05:00,43.73679733276367,43.73679733276367,43.73679733276367,43.73679733276367,100,0.0,0.0,0.0,LCLG
2024-02-27 00:00:00-05:00,43.856727600097656,43.856727600097656,43.856727600097656,43.856727600097656,100,0.0,0.0,0.0,LCLG
2024-02-28 00:00:00-05:00,43.86572175950926,43.86572175950926,43.82274627685547,43.82274627685547,1000,0.0,0.0,0.0,LCLG
2024-02-29 00:00:00-05:00,44.11558441185707,44.20353698730469,44.11558441185707,44.20353698730469,300,0.0,0.0,0.0,LCLG
2024-03-01 00:00:00-05:00,44.7832145690918,44.7832145690918,44.7832145690918,44.7832145690918,100,0.0,0.0,0.0,LCLG
2024-03-04 00:00:00-05:00,44.74324035644531,44.74324035644531,44.74324035644531,44.74324035644531,100,0.0,0.0,0.0,LCLG
2024-03-05 00:00:00-05:00,44.066612243652344,44.066612243652344,44.066612243652344,44.066612243652344,100,0.0,0.0,0.0,LCLG
2024-03-06 00:00:00-05:00,44.332462310791016,44.332462310791016,44.332462310791016,44.332462310791016,200,0.0,0.0,0.0,LCLG
2024-03-07 00:00:00-05:00,44.91514144939033,44.91514144939033,44.90714645385742,44.90714645385742,200,0.0,0.0,0.0,LCLG
2024-03-08 00:00:00-05:00,44.488380432128906,44.488380432128906,44.488380432128906,44.488380432128906,100,0.0,0.0,0.0,LCLG
2024-03-11 00:00:00-04:00,44.19853973388672,44.19853973388672,44.19853973388672,44.19853973388672,100,0.0,0.0,0.0,LCLG
2024-03-12 00:00:00-04:00,44.700260162353516,44.700260162353516,44.700260162353516,44.700260162353516,100,0.0,0.0,0.0,LCLG
2024-03-13 00:00:00-04:00,44.78421401977539,44.78421401977539,44.78421401977539,44.78421401977539,100,0.0,0.0,0.0,LCLG
2024-03-14 00:00:00-04:00,44.90114974975586,44.90114974975586,44.90114974975586,44.90114974975586,100,0.0,0.0,0.0,LCLG
2024-03-15 00:00:00-04:00,44.505366403058524,44.53135299682617,44.505366403058524,44.53135299682617,1400,0.0,0.0,0.0,LCLG
2024-03-18 00:00:00-04:00,45.344902892212104,45.344902892212104,44.85017776489258,44.85017776489258,200,0.0,0.0,0.0,LCLG
2024-03-19 00:00:00-04:00,45.07405471801758,45.07405471801758,45.07405471801758,45.07405471801758,0,0.0,0.0,0.0,LCLG
2024-03-20 00:00:00-04:00,45.354900072067295,45.719696044921875,45.354900072067295,45.719696044921875,600,0.0,0.0,0.0,LCLG
2024-03-21 00:00:00-04:00,46.22941589355469,46.22941589355469,46.22941589355469,46.22941589355469,100,0.0,0.0,0.0,LCLG
2024-03-22 00:00:00-04:00,45.96955871582031,45.96955871582031,45.96955871582031,45.96955871582031,100,0.0,0.0,0.0,LCLG
2024-03-25 00:00:00-04:00,45.77666473388672,45.77666473388672,45.77666473388672,45.77666473388672,100,0.0,0.0,0.0,LCLG
2024-03-26 00:00:00-04:00,45.54279708862305,45.54279708862305,45.54279708862305,45.54279708862305,100,0.0,0.0,0.0,LCLG
2024-03-27 00:00:00-04:00,45.88160705566406,45.88160705566406,45.88160705566406,45.88160705566406,100,0.0,0.0,0.0,LCLG
2024-03-28 00:00:00-04:00,46.06550598144531,46.06550598144531,46.06550598144531,46.06550598144531,100,0.0,0.0,0.0,LCLG
2024-04-01 00:00:00-04:00,45.924583435058594,45.924583435058594,45.924583435058594,45.924583435058594,100,0.0,0.0,0.0,LCLG
2024-04-02 00:00:00-04:00,45.174999237478836,45.3748893737793,45.174999237478836,45.3748893737793,2300,0.0,0.0,0.0,LCLG
2024-04-03 00:00:00-04:00,45.464839305559835,45.74468320612648,45.464839305559835,45.5877685546875,1200,0.0,0.0,0.0,LCLG
2024-04-04 00:00:00-04:00,44.81119918823242,44.81119918823242,44.81119918823242,44.81119918823242,100,0.0,0.0,0.0,LCLG
2024-04-05 00:00:00-04:00,45.44485055971586,45.44485055971586,45.26494981747238,45.33391189575195,7900,0.0,0.0,0.0,LCLG
2024-04-08 00:00:00-04:00,45.46483836815573,45.46483836815573,45.40686798095703,45.40686798095703,300,0.0,0.0,0.0,LCLG
2024-04-09 00:00:00-04:00,45.2449590514334,45.36589050292969,45.22496965705794,45.36589050292969,1700,0.0,0.0,0.0,LCLG
2024-04-10 00:00:00-04:00,44.81519710557635,44.82918930053711,44.81519710557635,44.82918930053711,600,0.0,0.0,0.0,LCLG
2024-04-11 00:00:00-04:00,44.78521607788034,45.23796463012695,44.78521607788034,45.23796463012695,200,0.0,0.0,0.0,LCLG
2024-04-12 00:00:00-04:00,44.376441955566406,44.376441955566406,44.376441955566406,44.376441955566406,200,0.0,0.0,0.0,LCLG
2024-04-15 00:00:00-04:00,43.712806701660156,43.712806701660156,43.712806701660156,43.712806701660156,100,0.0,0.0,0.0,LCLG
2024-04-16 00:00:00-04:00,43.68382263183594,43.68382263183594,43.68382263183594,43.68382263183594,100,0.0,0.0,0.0,LCLG
2024-04-17 00:00:00-04:00,43.28604687036553,43.296039661886844,43.16611049658546,43.1721076965332,600,0.0,0.0,0.0,LCLG
2024-04-18 00:00:00-04:00,42.895259857177734,42.895259857177734,42.895259857177734,42.895259857177734,100,0.0,0.0,0.0,LCLG
2024-04-19 00:00:00-04:00,42.290592193603516,42.290592193603516,42.290592193603516,42.290592193603516,100,0.0,0.0,0.0,LCLG
2024-04-22 00:00:00-04:00,42.62141036987305,42.62141036987305,42.62141036987305,42.62141036987305,100,0.0,0.0,0.0,LCLG
2024-04-23 00:00:00-04:00,43.46794509887695,43.46794509887695,43.46794509887695,43.46794509887695,100,0.0,0.0,0.0,LCLG
2024-04-24 00:00:00-04:00,43.306033324823545,43.34600830078125,43.306033324823545,43.34600830078125,500,0.0,0.0,0.0,LCLG
2024-04-25 00:00:00-04:00,43.23607158901664,43.27605038038209,43.186100006103516,43.186100006103516,1200,0.0,0.0,0.0,LCLG
2024-04-26 00:00:00-04:00,43.84074020385742,43.84074020385742,43.84074020385742,43.84074020385742,100,0.0,0.0,0.0,LCLG
2024-04-29 00:00:00-04:00,43.824745178222656,43.824745178222656,43.824745178222656,43.824745178222656,100,0.0,0.0,0.0,LCLG
2024-04-30 00:00:00-04:00,43.00419998168945,43.00419998168945,43.00419998168945,43.00419998168945,100,0.0,0.0,0.0,LCLG
2024-05-01 00:00:00-04:00,42.72035598754883,42.72035598754883,42.72035598754883,42.72035598754883,100,0.0,0.0,0.0,LCLG
2024-05-02 00:00:00-04:00,43.167110443115234,43.167110443115234,43.167110443115234,43.167110443115234,100,0.0,0.0,0.0,LCLG
2024-05-03 00:00:00-04:00,43.85572814941406,43.85572814941406,43.85572814941406,43.85572814941406,0,0.0,0.0,0.0,LCLG
2024-05-06 00:00:00-04:00,44.38343811035156,44.38343811035156,44.38343811035156,44.38343811035156,0,0.0,0.0,0.0,LCLG
2024-05-07 00:00:00-04:00,44.47538757324219,44.47538757324219,44.47538757324219,44.47538757324219,100,0.0,0.0,0.0,LCLG
2024-05-08 00:00:00-04:00,44.389434814453125,44.389434814453125,44.389434814453125,44.389434814453125,100,0.0,0.0,0.0,LCLG
2024-05-09 00:00:00-04:00,44.8301887512207,44.8301887512207,44.8301887512207,44.8301887512207,100,0.0,0.0,0.0,LCLG
2024-05-10 00:00:00-04:00,45.116031646728516,45.116031646728516,45.116031646728516,45.116031646728516,100,0.0,0.0,0.0,LCLG
2024-05-13 00:00:00-04:00,44.91913986206055,44.91913986206055,44.91913986206055,44.91913986206055,100,0.0,0.0,0.0,LCLG
2024-05-14 00:00:00-04:00,45.12502706675878,45.235965728759766,45.12502706675878,45.235965728759766,600,0.0,0.0,0.0,LCLG
2024-05-15 00:00:00-04:00,45.844627380371094,45.844627380371094,45.844627380371094,45.844627380371094,0,0.0,0.0,0.0,LCLG
2024-05-16 00:00:00-04:00,45.50481414794922,45.50481414794922,45.50481414794922,45.50481414794922,100,0.0,0.0,0.0,LCLG
2024-05-17 00:00:00-04:00,45.40487323595822,45.44684982299805,45.40487323595822,45.44684982299805,100,0.0,0.0,0.0,LCLG
2024-05-20 00:00:00-04:00,45.72969436645508,45.72969436645508,45.72969436645508,45.72969436645508,100,0.0,0.0,0.0,LCLG
2024-05-21 00:00:00-04:00,45.60975646972656,45.60975646972656,45.60975646972656,45.60975646972656,100,0.0,0.0,0.0,LCLG
2024-05-22 00:00:00-04:00,45.46484081705383,45.48782690605393,45.23896408081055,45.23896408081055,700,0.0,0.0,0.0,LCLG
2024-05-23 00:00:00-04:00,44.81019973754883,44.81019973754883,44.81019973754883,44.81019973754883,0,0.0,0.0,0.0,LCLG
2024-05-24 00:00:00-04:00,45.44485034959637,45.44485034959637,45.3748893737793,45.3748893737793,3200,0.0,0.0,0.0,LCLG
2024-05-28 00:00:00-04:00,45.255950927734375,45.255950927734375,45.255950927734375,45.255950927734375,200,0.0,0.0,0.0,LCLG
2024-05-29 00:00:00-04:00,45.32491413291504,45.32491413291504,45.12702560424805,45.12702560424805,300,0.0,0.0,0.0,LCLG
2024-05-30 00:00:00-04:00,45.09504165708495,45.09504165708495,44.9751091003418,44.9751091003418,600,0.0,0.0,0.0,LCLG
2024-05-31 00:00:00-04:00,44.53535554909118,44.985103607177734,44.53535554909118,44.985103607177734,200,0.0,0.0,0.0,LCLG
2024-06-03 00:00:00-04:00,44.83518600463867,44.83518600463867,44.83518600463867,44.83518600463867,200,0.0,0.0,0.0,LCLG
2024-06-04 00:00:00-04:00,44.77521896362305,44.77521896362305,44.77521896362305,44.77521896362305,100,0.0,0.0,0.0,LCLG
2024-06-05 00:00:00-04:00,45.16500301211057,45.55479049682617,45.16500301211057,45.55479049682617,400,0.0,0.0,0.0,LCLG
2024-06-06 00:00:00-04:00,45.35789489746094,45.35789489746094,45.35789489746094,45.35789489746094,100,0.0,0.0,0.0,LCLG
2024-06-07 00:00:00-04:00,45.264947943756766,45.264947943756766,45.1719970703125,45.1719970703125,1900,0.0,0.0,0.0,LCLG
2024-06-10 00:00:00-04:00,45.3748893737793,45.3748893737793,45.3748893737793,45.3748893737793,100,0.0,0.0,0.0,LCLG
2024-06-11 00:00:00-04:00,45.54479217529297,45.54479217529297,45.54479217529297,45.54479217529297,100,0.0,0.0,0.0,LCLG
2024-06-12 00:00:00-04:00,46.124473571777344,46.124473571777344,46.124473571777344,46.124473571777344,100,0.0,0.0,0.0,LCLG
2024-06-13 00:00:00-04:00,46.284385681152344,46.284385681152344,46.284385681152344,46.284385681152344,100,0.0,0.0,0.0,LCLG
2024-06-14 00:00:00-04:00,46.03452605875398,46.074501037597656,46.00454005888698,46.074501037597656,4500,0.0,0.0,0.0,LCLG
2024-06-17 00:00:00-04:00,46.782108306884766,46.782108306884766,46.782108306884766,46.782108306884766,100,0.0,0.0,0.0,LCLG
2024-06-18 00:00:00-04:00,46.91103744506836,46.91103744506836,46.91103744506836,46.91103744506836,100,0.0,0.0,0.0,LCLG
2024-06-20 00:00:00-04:00,46.535247802734375,46.535247802734375,46.535247802734375,46.535247802734375,100,0.0,0.0,0.0,LCLG
2024-06-21 00:00:00-04:00,46.500267028808594,46.500267028808594,46.500267028808594,46.500267028808594,100,0.0,0.0,0.0,LCLG
2024-06-24 00:00:00-04:00,46.25539779663086,46.25539779663086,46.25539779663086,46.25539779663086,100,0.0,0.0,0.0,LCLG
2024-06-25 00:00:00-04:00,46.21542360347596,46.284385681152344,46.21542360347596,46.284385681152344,800,0.0,0.0,0.0,LCLG
2024-06-26 00:00:00-04:00,46.348349419238,46.348349419238,46.346351623535156,46.346351623535156,200,0.0,0.0,0.0,LCLG
2024-06-27 00:00:00-04:00,46.436302185058594,46.436302185058594,46.436302185058594,46.436302185058594,100,0.0,0.0,0.0,LCLG
2024-06-28 00:00:00-04:00,46.215423583984375,46.215423583984375,46.215423583984375,46.215423583984375,200,0.0,0.0,0.0,LCLG
2024-07-01 00:00:00-04:00,46.10148620605469,46.10148620605469,46.10148620605469,46.10148620605469,100,0.0,0.0,0.0,LCLG
2024-07-02 00:00:00-04:00,46.31836700439453,46.31836700439453,46.31836700439453,46.31836700439453,100,0.0,0.0,0.0,LCLG
2024-07-03 00:00:00-04:00,46.5522346496582,46.5522346496582,46.5522346496582,46.5522346496582,100,0.0,0.0,0.0,LCLG
2024-07-05 00:00:00-04:00,46.78610610961914,46.78610610961914,46.78610610961914,46.78610610961914,100,0.0,0.0,0.0,LCLG
2024-07-08 00:00:00-04:00,46.82508850097656,46.82508850097656,46.82508850097656,46.82508850097656,100,0.0,0.0,0.0,LCLG
2024-07-09 00:00:00-04:00,46.814089960675204,46.814089960675204,46.654178619384766,46.654178619384766,300,0.0,0.0,0.0,LCLG
2024-07-10 00:00:00-04:00,46.92403030395508,46.92403030395508,46.92403030395508,46.92403030395508,100,0.0,0.0,0.0,LCLG
2024-07-11 00:00:00-04:00,46.94401931762695,46.94401931762695,46.94401931762695,46.94401931762695,0,0.0,0.0,0.0,LCLG
2024-07-12 00:00:00-04:00,47.34080123901367,47.34080123901367,47.34080123901367,47.34080123901367,100,0.0,0.0,0.0,LCLG
2024-07-15 00:00:00-04:00,47.8205333616731,47.8205333616731,47.44074249267578,47.44074249267578,200,0.0,0.0,0.0,LCLG
2024-07-16 00:00:00-04:00,48.105377197265625,48.105377197265625,48.105377197265625,48.105377197265625,100,0.0,0.0,0.0,LCLG
2024-07-17 00:00:00-04:00,46.80509905427634,46.80509905427634,46.618202209472656,46.618202209472656,400,0.0,0.0,0.0,LCLG
2024-07-18 00:00:00-04:00,46.364340801319614,46.444298382879246,46.364340801319614,46.383331298828125,700,0.0,0.0,0.0,LCLG
2024-07-19 00:00:00-04:00,46.06450653076172,46.06450653076172,46.06450653076172,46.06450653076172,100,0.0,0.0,0.0,LCLG
2024-07-22 00:00:00-04:00,46.47427769821547,46.76411819458008,46.47427769821547,46.76411819458008,4100,0.0,0.0,0.0,LCLG
2024-07-23 00:00:00-04:00,46.98399658536971,46.98399658536971,46.8240852355957,46.8240852355957,1600,0.0,0.0,0.0,LCLG
2024-07-24 00:00:00-04:00,45.264949798583984,45.264949798583984,45.264949798583984,45.264949798583984,100,0.0,0.0,0.0,LCLG
2024-07-25 00:00:00-04:00,45.994546913402495,46.03452570452593,45.2949333190918,45.2949333190918,1400,0.0,0.0,0.0,LCLG
2024-07-26 00:00:00-04:00,46.044517517089844,46.044517517089844,46.044517517089844,46.044517517089844,100,0.0,0.0,0.0,LCLG
2024-07-29 00:00:00-04:00,45.994544982910156,46.01453437763288,45.994544982910156,45.994544982910156,1700,0.0,0.0,0.0,LCLG
2024-07-30 00:00:00-04:00,45.834633066221514,45.924583435058594,45.63474293407387,45.924583435058594,1200,0.0,0.0,0.0,LCLG
2024-07-31 00:00:00-04:00,47.03397159471424,47.04396438598633,47.03397159471424,47.04396438598633,300,0.0,0.0,0.0,LCLG
2024-08-01 00:00:00-04:00,45.99354553222656,45.99354553222656,45.99354553222656,45.99354553222656,100,0.0,0.0,0.0,LCLG
2024-08-02 00:00:00-04:00,45.05506685241874,45.05506685241874,44.515364626127095,44.596317291259766,500,0.0,0.0,0.0,LCLG
2024-08-05 00:00:00-04:00,43.485931396484375,43.485931396484375,43.485931396484375,43.485931396484375,100,0.0,0.0,0.0,LCLG
2024-08-06 00:00:00-04:00,44.061614990234375,44.061614990234375,44.061614990234375,44.061614990234375,100,0.0,0.0,0.0,LCLG
2024-08-07 00:00:00-04:00,44.43540662177521,44.43540662177521,43.47893524169922,43.47893524169922,1300,0.0,0.0,0.0,LCLG
2024-08-08 00:00:00-04:00,44.72524642944336,44.72524642944336,44.72524642944336,44.72524642944336,200,0.0,0.0,0.0,LCLG
2024-08-09 00:00:00-04:00,45.105037689208984,45.105037689208984,45.105037689208984,45.105037689208984,100,0.0,0.0,0.0,LCLG
2024-08-12 00:00:00-04:00,44.80520469546373,44.809200286865234,44.80520469546373,44.809200286865234,100,0.0,0.0,0.0,LCLG
2024-08-13 00:00:00-04:00,45.88460445860901,46.034523010253906,45.88460445860901,46.034523010253906,300,0.0,0.0,0.0,LCLG
2024-08-14 00:00:00-04:00,45.97455596923828,45.97455596923828,45.97455596923828,45.97455596923828,100,0.0,0.0,0.0,LCLG
2024-08-15 00:00:00-04:00,47.00398387595172,47.123920242352284,46.83407974243164,46.83407974243164,2900,0.0,0.0,0.0,LCLG
2024-08-16 00:00:00-04:00,46.87405790652306,46.95701217651367,46.86406130316267,46.95701217651367,2000,0.0,0.0,0.0,LCLG
2024-08-19 00:00:00-04:00,46.98399525018435,47.19388198852539,46.98399525018435,47.19388198852539,900,0.0,0.0,0.0,LCLG
2024-08-20 00:00:00-04:00,47.15390396118164,47.15390396118164,47.15390396118164,47.15390396118164,200,0.0,0.0,0.0,LCLG
2024-08-21 00:00:00-04:00,47.52969370325243,47.67461395263672,47.52969370325243,47.67461395263672,300,0.0,0.0,0.0,LCLG
2024-08-22 00:00:00-04:00,47.0969352722168,47.0969352722168,47.0969352722168,47.0969352722168,100,0.0,0.0,0.0,LCLG
2024-08-23 00:00:00-04:00,47.78755187988281,47.78755187988281,47.78755187988281,47.78755187988281,100,0.0,0.0,0.0,LCLG
2024-08-26 00:00:00-04:00,47.3677864074707,47.3677864074707,47.3677864074707,47.3677864074707,100,0.0,0.0,0.0,LCLG
2024-08-27 00:00:00-04:00,47.21387212541023,47.48472213745117,47.21387212541023,47.48472213745117,1700,0.0,0.0,0.0,LCLG
2024-08-28 00:00:00-04:00,47.45373591819554,47.45373591819554,47.12392044067383,47.12392044067383,900,0.0,0.0,0.0,LCLG
2024-08-29 00:00:00-04:00,47.703599886323616,47.703599886323616,47.19388364692605,47.19688034057617,200,0.0,0.0,0.0,LCLG
2024-08-30 00:00:00-04:00,47.50370921696339,47.73358154296875,47.50370921696339,47.73358154296875,300,0.0,0.0,0.0,LCLG
2024-09-03 00:00:00-04:00,46.83408226252706,46.83408226252706,46.07350158691406,46.07350158691406,300,0.0,0.0,0.0,LCLG
2024-09-04 00:00:00-04:00,45.98455047607422,45.98455047607422,45.98455047607422,45.98455047607422,200,0.0,0.0,0.0,LCLG
2024-09-05 00:00:00-04:00,45.620750427246094,45.620750427246094,45.620750427246094,45.620750427246094,500,0.0,0.0,0.0,LCLG
2024-09-06 00:00:00-04:00,44.6552848815918,44.6552848815918,44.6552848815918,44.6552848815918,100,0.0,0.0,0.0,LCLG
2024-09-09 00:00:00-04:00,45.14501190185547,45.14501190185547,45.14501190185547,45.14501190185547,100,0.0,0.0,0.0,LCLG
2024-09-10 00:00:00-04:00,45.254953384823494,45.35490036010742,45.1650030133616,45.35490036010742,700,0.0,0.0,0.0,LCLG
2024-09-11 00:00:00-04:00,46.074501037597656,46.074501037597656,46.074501037597656,46.074501037597656,100,0.0,0.0,0.0,LCLG
2024-09-12 00:00:00-04:00,46.60220718383789,46.60220718383789,46.60220718383789,46.60220718383789,100,0.0,0.0,0.0,LCLG
2024-09-13 00:00:00-04:00,47.163897647488064,47.19688034057617,47.163897647488064,47.19688034057617,100,0.0,0.0,0.0,LCLG
2024-09-16 00:00:00-04:00,47.11992263793945,47.11992263793945,47.11992263793945,47.11992263793945,100,0.0,0.0,0.0,LCLG
2024-09-17 00:00:00-04:00,47.398765563964844,47.398765563964844,47.398765563964844,47.398765563964844,100,0.0,0.0,0.0,LCLG
2024-09-18 00:00:00-04:00,47.36978530883789,47.36978530883789,47.36978530883789,47.36978530883789,0,0.0,0.0,0.0,LCLG
2024-09-19 00:00:00-04:00,48.393216458392764,48.41620635986328,48.393216458392764,48.41620635986328,800,0.0,0.0,0.0,LCLG
2024-09-20 00:00:00-04:00,48.18333435058594,48.18333435058594,48.18333435058594,48.18333435058594,100,0.0,0.0,0.0,LCLG
2024-09-23 00:00:00-04:00,48.43319320678711,48.43319320678711,48.43319320678711,48.43319320678711,100,0.0,0.0,0.0,LCLG
2024-09-24 00:00:00-04:00,48.68305625898011,48.68305625898011,48.66306686401367,48.66306686401367,300,0.0,0.0,0.0,LCLG
2024-09-25 00:00:00-04:00,48.50315570960733,48.553131103515625,48.47317352333216,48.553131103515625,800,0.0,0.0,0.0,LCLG
2024-09-26 00:00:00-04:00,49.01987075805664,49.01987075805664,49.01987075805664,49.01987075805664,100,0.0,0.0,0.0,LCLG
2024-09-27 00:00:00-04:00,48.851966857910156,48.851966857910156,48.851966857910156,48.851966857910156,100,0.0,0.0,0.0,LCLG
2024-09-30 00:00:00-04:00,48.9149284362793,48.9149284362793,48.9149284362793,48.9149284362793,100,0.0,0.0,0.0,LCLG
2024-10-01 00:00:00-04:00,48.36823272705078,48.36823272705078,48.36823272705078,48.36823272705078,100,0.0,0.0,0.0,LCLG
2024-10-02 00:00:00-04:00,48.45918273925781,48.45918273925781,48.45918273925781,48.45918273925781,100,0.0,0.0,0.0,LCLG
2024-10-03 00:00:00-04:00,48.48316690935859,48.48316690935859,48.20332300045783,48.292274475097656,5000,0.0,0.0,0.0,LCLG
2024-10-04 00:00:00-04:00,48.9149284362793,48.9149284362793,48.9149284362793,48.9149284362793,100,0.0,0.0,0.0,LCLG
2024-10-07 00:00:00-04:00,48.265289306640625,48.265289306640625,48.265289306640625,48.265289306640625,100,0.0,0.0,0.0,LCLG
2024-10-08 00:00:00-04:00,48.839969635009766,48.839969635009766,48.839969635009766,48.839969635009766,100,0.0,0.0,0.0,LCLG
2024-10-09 00:00:00-04:00,49.1537971496582,49.1537971496582,49.1537971496582,49.1537971496582,100,0.0,0.0,0.0,LCLG
2024-10-10 00:00:00-04:00,49.01287574738805,49.02286853861645,48.852964399622806,48.95290756225586,4600,0.0,0.0,0.0,LCLG
2024-10-11 00:00:00-04:00,49.46162414550781,49.46162414550781,49.46162414550781,49.46162414550781,100,0.0,0.0,0.0,LCLG
2024-10-14 00:00:00-04:00,49.87739562988281,49.87739562988281,49.87739562988281,49.87739562988281,100,0.0,0.0,0.0,LCLG
2024-10-15 00:00:00-04:00,49.43264236787626,49.43264236787626,49.31270980834961,49.31270980834961,2800,0.0,0.0,0.0,LCLG
2024-10-16 00:00:00-04:00,49.35268791140092,49.428646087646484,49.35268791140092,49.428646087646484,700,0.0,0.0,0.0,LCLG
2024-10-17 00:00:00-04:00,49.31870651245117,49.31870651245117,49.31870651245117,49.31870651245117,100,0.0,0.0,0.0,LCLG
2024-10-18 00:00:00-04:00,49.672511039729926,49.8154296875,49.672511039729926,49.8154296875,200,0.0,0.0,0.0,LCLG
2024-10-21 00:00:00-04:00,49.66651153564453,49.66651153564453,49.66651153564453,49.66651153564453,100,0.0,0.0,0.0,LCLG
2024-10-22 00:00:00-04:00,49.399658203125,49.399658203125,49.399658203125,49.399658203125,100,0.0,0.0,0.0,LCLG
2024-10-23 00:00:00-04:00,49.31670908797044,49.31670908797044,48.82997512817383,48.82997512817383,200,0.0,0.0,0.0,LCLG
2024-10-24 00:00:00-04:00,48.86595916748047,48.86595916748047,48.86595916748047,48.86595916748047,100,0.0,0.0,0.0,LCLG
2024-10-25 00:00:00-04:00,48.97989273071289,48.97989273071289,48.97989273071289,48.97989273071289,0,0.0,0.0,0.0,LCLG
2024-10-28 00:00:00-04:00,49.2827262878418,49.2827262878418,49.2827262878418,49.2827262878418,100,0.0,0.0,0.0,LCLG
2024-10-29 00:00:00-04:00,49.71249008178711,49.71249008178711,49.71249008178711,49.71249008178711,100,0.0,0.0,0.0,LCLG
2024-10-30 00:00:00-04:00,49.65752029418945,49.65752029418945,49.65752029418945,49.65752029418945,0,0.0,0.0,0.0,LCLG
2024-10-31 00:00:00-04:00,48.90293426084174,48.90293426084174,48.74302291870117,48.74302291870117,500,0.0,0.0,0.0,LCLG
2024-11-01 00:00:00-04:00,49.07284164428711,49.07284164428711,49.07284164428711,49.07284164428711,100,0.0,0.0,0.0,LCLG
2024-11-04 00:00:00-05:00,49.06284518948121,49.06284518948121,49.024864196777344,49.024864196777344,2100,0.0,0.0,0.0,LCLG
2024-11-05 00:00:00-05:00,49.683502197265625,49.683502197265625,49.683502197265625,49.683502197265625,100,0.0,0.0,0.0,LCLG
2024-11-06 00:00:00-05:00,51.258628845214844,51.258628845214844,51.258628845214844,51.258628845214844,100,0.0,0.0,0.0,LCLG
2024-11-07 00:00:00-05:00,51.981228879638955,52.568904876708984,51.981228879638955,52.568904876708984,2100,0.0,0.0,0.0,LCLG
2024-11-08 00:00:00-05:00,52.93570327758789,52.93570327758789,52.93570327758789,52.93570327758789,100,0.0,0.0,0.0,LCLG
2024-11-11 00:00:00-05:00,53.07162944716345,53.10061273508579,53.0456428527832,53.0456428527832,1200,0.0,0.0,0.0,LCLG
2024-11-12 00:00:00-05:00,52.91071493419649,53.04064409238722,52.91071493419649,52.98967361450195,4800,0.0,0.0,0.0,LCLG
2024-11-13 00:00:00-05:00,53.01066155723619,53.01066155723619,52.747806549072266,52.747806549072266,300,0.0,0.0,0.0,LCLG
2024-11-14 00:00:00-05:00,52.385009765625,52.385009765625,52.385009765625,52.385009765625,100,0.0,0.0,0.0,LCLG
2024-11-15 00:00:00-05:00,51.49150466918945,51.49150466918945,51.49150466918945,51.49150466918945,200,0.0,0.0,0.0,LCLG
2024-11-18 00:00:00-05:00,51.771348381703845,51.801334381103516,51.771348381703845,51.801334381103516,200,0.0,0.0,0.0,LCLG
2024-11-19 00:00:00-05:00,52.14314270019531,52.14314270019531,52.14314270019531,52.14314270019531,100,0.0,0.0,0.0,LCLG
2024-11-20 00:00:00-05:00,52.43098068237305,52.43098068237305,52.43098068237305,52.43098068237305,100,0.0,0.0,0.0,LCLG
2024-11-21 00:00:00-05:00,52.8707389831543,52.8707389831543,52.8707389831543,52.8707389831543,100,0.0,0.0,0.0,LCLG
2024-11-22 00:00:00-05:00,53.60533142089844,53.60533142089844,53.60533142089844,53.60533142089844,100,0.0,0.0,0.0,LCLG
2024-11-25 00:00:00-05:00,53.96513366699219,53.96513366699219,53.96513366699219,53.96513366699219,100,0.0,0.0,0.0,LCLG
2024-11-26 00:00:00-05:00,54.09406280517578,54.09406280517578,54.09406280517578,54.09406280517578,100,0.0,0.0,0.0,LCLG
2024-11-27 00:00:00-05:00,53.90916442871094,53.90916442871094,53.90916442871094,53.90916442871094,100,0.0,0.0,0.0,LCLG
2024-11-29 00:00:00-05:00,54.19800567626953,54.19800567626953,54.19800567626953,54.19800567626953,100,0.0,0.0,0.0,LCLG
2024-12-02 00:00:00-05:00,54.69173049926758,54.69173049926758,54.69173049926758,54.69173049926758,100,0.0,0.0,0.0,LCLG
2024-12-03 00:00:00-05:00,54.94958896551916,55.0395393371582,54.94958896551916,55.0395393371582,900,0.0,0.0,0.0,LCLG
2024-12-04 00:00:00-05:00,55.449313467810505,55.5032844543457,55.449313467810505,55.5032844543457,300,0.0,0.0,0.0,LCLG
2024-12-05 00:00:00-05:00,55.149478912353516,55.149478912353516,55.149478912353516,55.149478912353516,100,0.0,0.0,0.0,LCLG
2024-12-06 00:00:00-05:00,56.035987854003906,56.035987854003906,56.035987854003906,56.035987854003906,200,0.0,0.0,0.0,LCLG
2024-12-09 00:00:00-05:00,55.05952835083008,55.05952835083008,55.05952835083008,55.05952835083008,200,0.0,0.0,0.0,LCLG
2024-12-10 00:00:00-05:00,55.169466385383956,55.169466385383956,54.64975357055664,54.64975357055664,600,0.0,0.0,0.0,LCLG
2024-12-11 00:00:00-05:00,55.60922183839154,55.60922183839154,55.53926086425781,55.53926086425781,700,0.0,0.0,0.0,LCLG
2024-12-12 00:00:00-05:00,55.139480781042856,55.139480781042856,55.029544830322266,55.029544830322266,400,0.0,0.0,0.0,LCLG
2024-12-13 00:00:00-05:00,55.61922148019897,55.61922148019897,55.51028060913086,55.51028060913086,2900,0.0,0.0,0.0,LCLG
2024-12-16 00:00:00-05:00,56.337819537676296,56.35880783023601,56.17491149902344,56.17491149902344,500,0.0,0.0,0.0,LCLG
2024-12-17 00:00:00-05:00,55.76913394872955,55.789123343412506,55.69917297363281,55.69917297363281,800,0.0,0.0,0.0,LCLG
2024-12-18 00:00:00-05:00,55.5192724069491,55.5192724069491,53.39044952392578,53.39044952392578,1500,0.0,0.0,0.0,LCLG
2024-12-19 00:00:00-05:00,53.61032866653563,53.61032866653563,53.01066207885742,53.01066207885742,3200,0.0,0.0,0.0,LCLG
2024-12-20 00:00:00-05:00,53.770240783691406,53.770240783691406,53.770240783691406,53.770240783691406,200,0.0,0.0,0.0,LCLG
2024-12-23 00:00:00-05:00,54.1710205078125,54.1710205078125,54.1710205078125,54.1710205078125,100,0.0,0.0,0.0,LCLG
2024-12-24 00:00:00-05:00,54.55980290126386,54.74570083618164,54.55980290126386,54.74570083618164,1000,0.0,0.0,0.0,LCLG
2024-12-26 00:00:00-05:00,54.946590423583984,54.946590423583984,54.946590423583984,54.946590423583984,100,0.0,0.0,0.0,LCLG
2024-12-27 00:00:00-05:00,54.209997976639066,54.259969555842794,54.2079963684082,54.2079963684082,400,0.0,0.0,0.0,LCLG
2024-12-30 00:00:00-05:00,53.650001525878906,53.90999984741211,53.650001525878906,53.70100021362305,4700,0.03,0.0,0.0,LCLG
2024-12-31 00:00:00-05:00,53.25,53.25,53.198001861572266,53.198001861572266,1400,0.0,0.0,0.0,LCLG
2025-01-02 00:00:00-05:00,53.0099983215332,53.198001861572266,53.0099983215332,53.198001861572266,600,0.0,0.0,0.0,LCLG
2025-01-03 00:00:00-05:00,53.84600067138672,53.84600067138672,53.84600067138672,53.84600067138672,500,0.0,0.0,0.0,LCLG
2025-01-06 00:00:00-05:00,54.4739990234375,54.4739990234375,54.4739990234375,54.4739990234375,100,0.0,0.0,0.0,LCLG
2025-01-07 00:00:00-05:00,53.95500183105469,53.95500183105469,53.689998626708984,53.729000091552734,18600,0.0,0.0,0.0,LCLG
2025-01-08 00:00:00-05:00,53.5,53.79999923706055,53.5,53.76599884033203,4000,0.0,0.0,0.0,LCLG
2025-01-10 00:00:00-05:00,53.25,53.25,52.957000732421875,52.957000732421875,100,0.0,0.0,0.0,LCLG
2025-01-13 00:00:00-05:00,52.93000030517578,53.00400161743164,52.93000030517578,53.00400161743164,200,0.0,0.0,0.0,LCLG
2025-01-14 00:00:00-05:00,53.1879997253418,53.1879997253418,53.1879997253418,53.1879997253418,300,0.0,0.0,0.0,LCLG
2025-01-15 00:00:00-05:00,54.17399978637695,54.17399978637695,54.17399978637695,54.17399978637695,100,0.0,0.0,0.0,LCLG
2025-01-16 00:00:00-05:00,54.380001068115234,54.66999816894531,54.3390007019043,54.3390007019043,1000,0.0,0.0,0.0,LCLG
2025-01-17 00:00:00-05:00,55.060001373291016,55.060001373291016,54.909000396728516,54.909000396728516,4900,0.0,0.0,0.0,LCLG
2025-01-21 00:00:00-05:00,55.56999969482422,55.56999969482422,55.56999969482422,55.56999969482422,100,0.0,0.0,0.0,LCLG
2025-01-22 00:00:00-05:00,56.31800079345703,56.31800079345703,56.31800079345703,56.31800079345703,1800,0.0,0.0,0.0,LCLG
2025-01-23 00:00:00-05:00,56.49800109863281,56.49800109863281,56.49800109863281,56.49800109863281,100,0.0,0.0,0.0,LCLG
2025-01-24 00:00:00-05:00,56.49700164794922,56.49700164794922,56.49700164794922,56.49700164794922,100,0.0,0.0,0.0,LCLG
2025-01-27 00:00:00-05:00,54.91999816894531,55.01900100708008,54.91999816894531,55.01900100708008,1100,0.0,0.0,0.0,LCLG
2025-01-28 00:00:00-05:00,55.59000015258789,55.72999954223633,55.540000915527344,55.68600082397461,4500,0.0,0.0,0.0,LCLG
2025-01-29 00:00:00-05:00,55.810001373291016,55.810001373291016,55.810001373291016,55.810001373291016,100,0.0,0.0,0.0,LCLG
2025-01-30 00:00:00-05:00,56.60100173950195,56.689998626708984,56.584999084472656,56.599998474121094,1600,0.0,0.0,0.0,LCLG
2025-01-31 00:00:00-05:00,56.939998626708984,56.939998626708984,56.10200119018555,56.10200119018555,100,0.0,0.0,0.0,LCLG
2025-02-03 00:00:00-05:00,55.60499954223633,55.77000045776367,55.53099822998047,55.53099822998047,300,0.0,0.0,0.0,LCLG
2025-02-04 00:00:00-05:00,55.91699981689453,55.91699981689453,55.91699981689453,55.91699981689453,100,0.0,0.0,0.0,LCLG
2025-02-05 00:00:00-05:00,56.0,56.020999908447266,56.0,56.020999908447266,500,0.0,0.0,0.0,LCLG
2025-02-06 00:00:00-05:00,56.16999816894531,56.257999420166016,56.16999816894531,56.257999420166016,200,0.0,0.0,0.0,LCLG
2025-02-07 00:00:00-05:00,55.72999954223633,55.72999954223633,55.51100158691406,55.51100158691406,600,0.0,0.0,0.0,LCLG
2025-02-10 00:00:00-05:00,55.97999954223633,56.11000061035156,55.86899948120117,56.0620002746582,3200,0.0,0.0,0.0,LCLG
2025-02-11 00:00:00-05:00,55.70000076293945,55.849998474121094,55.70000076293945,55.83100128173828,1600,0.0,0.0,0.0,LCLG
2025-02-12 00:00:00-05:00,55.67599868774414,55.67599868774414,55.67599868774414,55.67599868774414,100,0.0,0.0,0.0,LCLG
2025-02-13 00:00:00-05:00,56.56999969482422,56.6150016784668,56.189998626708984,56.6150016784668,2500,0.0,0.0,0.0,LCLG
2025-02-14 00:00:00-05:00,56.849998474121094,56.849998474121094,56.78900146484375,56.78900146484375,400,0.0,0.0,0.0,LCLG
2025-02-18 00:00:00-05:00,56.33000183105469,56.499000549316406,56.33000183105469,56.499000549316406,1900,0.0,0.0,0.0,LCLG
2025-02-19 00:00:00-05:00,56.34400177001953,56.34400177001953,56.34400177001953,56.34400177001953,100,0.0,0.0,0.0,LCLG
2025-02-20 00:00:00-05:00,55.369998931884766,55.49599838256836,55.369998931884766,55.49599838256836,300,0.0,0.0,0.0,LCLG
2025-02-21 00:00:00-05:00,53.90999984741211,53.90999984741211,53.90999984741211,53.90999984741211,200,0.0,0.0,0.0,LCLG
2025-02-24 00:00:00-05:00,53.42499923706055,53.42499923706055,53.42499923706055,53.42499923706055,100,0.0,0.0,0.0,LCLG
2025-02-25 00:00:00-05:00,53.0,53.0,52.63999938964844,52.810001373291016,1000,0.0,0.0,0.0,LCLG
2025-02-26 00:00:00-05:00,52.763999938964844,52.763999938964844,52.763999938964844,52.763999938964844,200,0.0,0.0,0.0,LCLG
2025-02-27 00:00:00-05:00,52.470001220703125,52.560001373291016,51.65700149536133,51.65700149536133,800,0.0,0.0,0.0,LCLG
2025-02-28 00:00:00-05:00,52.3129997253418,52.3129997253418,52.3129997253418,52.3129997253418,100,0.0,0.0,0.0,LCLG
2025-03-03 00:00:00-05:00,51.1879997253418,51.1879997253418,51.1879997253418,51.1879997253418,100,0.0,0.0,0.0,LCLG
2025-03-04 00:00:00-05:00,50.47999954223633,51.5099983215332,49.93000030517578,50.66899871826172,800,0.0,0.0,0.0,LCLG
2025-03-05 00:00:00-05:00,50.939998626708984,51.439998626708984,50.40999984741211,51.34600067138672,600,0.0,0.0,0.0,LCLG
2025-03-06 00:00:00-05:00,50.83000183105469,50.83000183105469,49.75199890136719,49.75199890136719,1500,0.0,0.0,0.0,LCLG
2025-03-07 00:00:00-05:00,49.630001068115234,50.27000045776367,48.939998626708984,50.27000045776367,1200,0.0,0.0,0.0,LCLG
2025-03-10 00:00:00-04:00,48.91999816894531,48.91999816894531,48.43000030517578,48.47600173950195,200,0.0,0.0,0.0,LCLG
2025-03-11 00:00:00-04:00,48.79999923706055,48.79999923706055,48.23500061035156,48.23500061035156,200,0.0,0.0,0.0,LCLG
2025-03-12 00:00:00-04:00,48.630001068115234,48.630001068115234,48.494998931884766,48.494998931884766,200,0.0,0.0,0.0,LCLG
2025-03-13 00:00:00-04:00,47.207000732421875,47.207000732421875,47.207000732421875,47.207000732421875,100,0.0,0.0,0.0,LCLG
2025-03-14 00:00:00-04:00,48.494998931884766,48.494998931884766,48.494998931884766,48.494998931884766,200,0.0,0.0,0.0,LCLG
2025-03-17 00:00:00-04:00,49.12300109863281,49.12300109863281,49.12300109863281,49.12300109863281,200,0.0,0.0,0.0,LCLG
2025-03-18 00:00:00-04:00,48.20100021362305,48.20100021362305,48.20100021362305,48.20100021362305,100,0.0,0.0,0.0,LCLG
2025-03-19 00:00:00-04:00,48.540000915527344,49.220001220703125,48.540000915527344,49.08100128173828,1800,0.0,0.0,0.0,LCLG
2025-03-20 00:00:00-04:00,48.84700012207031,49.029998779296875,48.82600021362305,48.82600021362305,2600,0.0,0.0,0.0,LCLG
2025-03-21 00:00:00-04:00,48.96699905395508,48.96699905395508,48.96699905395508,48.96699905395508,300,0.0,0.0,0.0,LCLG
2025-03-24 00:00:00-04:00,50.452999114990234,50.452999114990234,50.452999114990234,50.452999114990234,200,0.0,0.0,0.0,LCLG
2025-03-25 00:00:00-04:00,50.55799865722656,50.55799865722656,50.55799865722656,50.55799865722656,200,0.0,0.0,0.0,LCLG
2025-03-26 00:00:00-04:00,50.255001068115234,50.31999969482422,49.715999603271484,49.715999603271484,2000,0.0,0.0,0.0,LCLG
2025-03-27 00:00:00-04:00,49.59000015258789,49.59000015258789,48.94300079345703,48.94300079345703,800,0.0,0.0,0.0,LCLG
2025-03-28 00:00:00-04:00,48.40999984741211,48.40999984741211,47.619998931884766,47.619998931884766,2100,0.0,0.0,0.0,LCLG
2025-03-31 00:00:00-04:00,46.66999816894531,47.7400016784668,46.66999816894531,47.69499969482422,500,0.0,0.0,0.0,LCLG
2025-04-01 00:00:00-04:00,48.11199951171875,48.11199951171875,48.11199951171875,48.11199951171875,100,0.0,0.0,0.0,LCLG
2025-04-02 00:00:00-04:00,48.22999954223633,48.84700012207031,48.22999954223633,48.84700012207031,700,0.0,0.0,0.0,LCLG
2025-04-03 00:00:00-04:00,45.52000045776367,45.52000045776367,45.11000061035156,45.11000061035156,10000,0.0,0.0,0.0,LCLG
2025-04-04 00:00:00-04:00,42.64799880981445,42.64799880981445,42.64799880981445,42.64799880981445,100,0.0,0.0,0.0,LCLG
2025-04-07 00:00:00-04:00,43.79999923706055,43.83000183105469,42.13999938964844,42.902000427246094,6700,0.0,0.0,0.0,LCLG
2025-04-08 00:00:00-04:00,44.87699890136719,44.87699890136719,42.143001556396484,42.143001556396484,500,0.0,0.0,0.0,LCLG
2025-04-09 00:00:00-04:00,42.470001220703125,47.141998291015625,42.470001220703125,47.141998291015625,800,0.0,0.0,0.0,LCLG
2025-04-10 00:00:00-04:00,45.36000061035156,45.36000061035156,45.172000885009766,45.172000885009766,200,0.0,0.0,0.0,LCLG
2025-04-11 00:00:00-04:00,45.733001708984375,45.733001708984375,45.733001708984375,45.733001708984375,100,0.0,0.0,0.0,LCLG
2025-04-14 00:00:00-04:00,46.06999969482422,46.06999969482422,45.8129997253418,45.8129997253418,8700,0.0,0.0,0.0,LCLG
2025-04-15 00:00:00-04:00,45.83300018310547,45.83300018310547,45.83300018310547,45.83300018310547,100,0.0,0.0,0.0,LCLG
2025-04-16 00:00:00-04:00,45.255001068115234,45.2599983215332,44.709999084472656,44.709999084472656,3400,0.0,0.0,0.0,LCLG
2025-04-17 00:00:00-04:00,44.97600173950195,44.97600173950195,44.97600173950195,44.97600173950195,100,0.0,0.0,0.0,LCLG
2025-04-21 00:00:00-04:00,43.93600082397461,43.93600082397461,43.93600082397461,43.93600082397461,100,0.0,0.0,0.0,LCLG
2025-04-22 00:00:00-04:00,45.25899887084961,45.25899887084961,45.25899887084961,45.25899887084961,100,0.0,0.0,0.0,LCLG
2025-04-23 00:00:00-04:00,46.95000076293945,46.95000076293945,46.40599822998047,46.40599822998047,400,0.0,0.0,0.0,LCLG
2025-04-24 00:00:00-04:00,47.689998626708984,47.91699981689453,47.66999816894531,47.91699981689453,600,0.0,0.0,0.0,LCLG
2025-04-25 00:00:00-04:00,48.150001525878906,48.150001525878906,48.06399917602539,48.06399917602539,100,0.0,0.0,0.0,LCLG
2025-04-28 00:00:00-04:00,48.23699951171875,48.23699951171875,48.23699951171875,48.23699951171875,100,0.0,0.0,0.0,LCLG
2025-04-29 00:00:00-04:00,48.47999954223633,48.47999954223633,48.47999954223633,48.47999954223633,100,0.0,0.0,0.0,LCLG
2025-04-30 00:00:00-04:00,47.11000061035156,48.30400085449219,47.11000061035156,48.30400085449219,700,0.0,0.0,0.0,LCLG
2025-05-01 00:00:00-04:00,48.70000076293945,48.86000061035156,48.64899826049805,48.64899826049805,500,0.0,0.0,0.0,LCLG
2025-05-02 00:00:00-04:00,49.900001525878906,50.0,49.887001037597656,49.887001037597656,1900,0.0,0.0,0.0,LCLG
2025-05-05 00:00:00-04:00,49.709999084472656,49.749000549316406,49.520999908447266,49.520999908447266,2900,0.0,0.0,0.0,LCLG
2025-05-06 00:00:00-04:00,49.194000244140625,49.194000244140625,49.194000244140625,49.194000244140625,100,0.0,0.0,0.0,LCLG
2025-05-07 00:00:00-04:00,49.3650016784668,49.479000091552734,49.3650016784668,49.479000091552734,600,0.0,0.0,0.0,LCLG
2025-05-08 00:00:00-04:00,50.689998626708984,50.790000915527344,50.4010009765625,50.4010009765625,4500,0.0,0.0,0.0,LCLG
2025-05-09 00:00:00-04:00,50.257999420166016,50.257999420166016,50.257999420166016,50.257999420166016,100,0.0,0.0,0.0,LCLG
2025-05-12 00:00:00-04:00,52.7400016784668,52.777000427246094,52.709999084472656,52.777000427246094,400,0.0,0.0,0.0,LCLG
2025-05-13 00:00:00-04:00,53.93000030517578,53.939998626708984,53.79899978637695,53.79899978637695,300,0.0,0.0,0.0,LCLG
2025-05-14 00:00:00-04:00,53.63999938964844,53.83000183105469,53.63999938964844,53.83000183105469,700,0.0,0.0,0.0,LCLG
2025-05-15 00:00:00-04:00,53.507999420166016,53.507999420166016,53.507999420166016,53.507999420166016,100,0.0,0.0,0.0,LCLG
2025-05-16 00:00:00-04:00,53.58000183105469,53.823001861572266,53.58000183105469,53.823001861572266,2200,0.0,0.0,0.0,LCLG
2025-05-19 00:00:00-04:00,53.86000061035156,53.880001068115234,53.8489990234375,53.8489990234375,200,0.0,0.0,0.0,LCLG
2025-05-20 00:00:00-04:00,53.595001220703125,53.595001220703125,53.595001220703125,53.595001220703125,100,0.0,0.0,0.0,LCLG
2025-05-21 00:00:00-04:00,52.79999923706055,52.79999923706055,52.79999923706055,52.79999923706055,100,0.0,0.0,0.0,LCLG
2025-05-22 00:00:00-04:00,52.71799850463867,52.71799850463867,52.71799850463867,52.71799850463867,100,0.0,0.0,0.0,LCLG
2025-05-23 00:00:00-04:00,51.979000091552734,51.979000091552734,51.979000091552734,51.979000091552734,100,0.0,0.0,0.0,LCLG
2025-05-27 00:00:00-04:00,53.27000045776367,53.45100021362305,53.27000045776367,53.45100021362305,200,0.0,0.0,0.0,LCLG
2025-05-28 00:00:00-04:00,53.334999084472656,53.334999084472656,53.334999084472656,53.334999084472656,100,0.0,0.0,0.0,LCLG
2025-05-29 00:00:00-04:00,53.20000076293945,53.20000076293945,53.20000076293945,53.20000076293945,100,0.0,0.0,0.0,LCLG
2025-05-30 00:00:00-04:00,52.959999084472656,53.356998443603516,52.959999084472656,53.356998443603516,5100,0.0,0.0,0.0,LCLG
2025-06-02 00:00:00-04:00,53.150001525878906,53.43199920654297,52.970001220703125,53.43199920654297,400,0.0,0.0,0.0,LCLG
2025-06-03 00:00:00-04:00,53.979000091552734,53.979000091552734,53.979000091552734,53.979000091552734,100,0.0,0.0,0.0,LCLG
2025-06-04 00:00:00-04:00,54.36399841308594,54.36399841308594,54.36399841308594,54.36399841308594,100,0.0,0.0,0.0,LCLG
2025-06-05 00:00:00-04:00,54.47999954223633,54.47999954223633,54.27399826049805,54.27399826049805,700,0.0,0.0,0.0,LCLG
2025-06-06 00:00:00-04:00,54.650001525878906,54.709999084472656,54.650001525878906,54.680999755859375,2300,0.0,0.0,0.0,LCLG
2025-06-09 00:00:00-04:00,54.38100051879883,54.38100051879883,54.38100051879883,54.38100051879883,100,0.0,0.0,0.0,LCLG
2025-06-10 00:00:00-04:00,54.52000045776367,54.52000045776367,54.52000045776367,54.52000045776367,100,0.0,0.0,0.0,LCLG
2025-06-11 00:00:00-04:00,54.49399948120117,54.49399948120117,54.49399948120117,54.49399948120117,100,0.0,0.0,0.0,LCLG
2025-06-12 00:00:00-04:00,54.41999816894531,54.41999816894531,54.41999816894531,54.41999816894531,100,0.0,0.0,0.0,LCLG
2025-06-13 00:00:00-04:00,53.26499938964844,53.26499938964844,53.26499938964844,53.26499938964844,100,0.0,0.0,0.0,LCLG
2025-06-16 00:00:00-04:00,54.14699935913086,54.14699935913086,54.14699935913086,54.14699935913086,200,0.0,0.0,0.0,LCLG
2025-06-17 00:00:00-04:00,53.61000061035156,53.61000061035156,53.61000061035156,53.61000061035156,100,0.0,0.0,0.0,LCLG
2025-06-18 00:00:00-04:00,53.91999816894531,53.91999816894531,53.37900161743164,53.37900161743164,1500,0.0,0.0,0.0,LCLG
2025-06-20 00:00:00-04:00,52.849998474121094,52.986000061035156,52.849998474121094,52.986000061035156,200,0.0,0.0,0.0,LCLG
2025-06-23 00:00:00-04:00,53.58000183105469,53.58000183105469,53.58000183105469,53.58000183105469,100,0.0,0.0,0.0,LCLG
2025-06-24 00:00:00-04:00,54.72999954223633,54.72999954223633,54.672000885009766,54.672000885009766,1000,0.0,0.0,0.0,LCLG
2025-06-25 00:00:00-04:00,54.779998779296875,54.779998779296875,54.59700012207031,54.59700012207031,200,0.0,0.0,0.0,LCLG
2025-06-26 00:00:00-04:00,55.11000061035156,55.37200164794922,55.11000061035156,55.37200164794922,100,0.0,0.0,0.0,LCLG
2025-06-27 00:00:00-04:00,55.70000076293945,55.70000076293945,55.53099822998047,55.53099822998047,100,0.0,0.0,0.0,LCLG
2025-06-30 00:00:00-04:00,55.9900016784668,55.9900016784668,55.9900016784668,55.9900016784668,400,0.0,0.0,0.0,LCLG
2025-07-01 00:00:00-04:00,55.87900161743164,55.87900161743164,55.87900161743164,55.87900161743164,100,0.0,0.0,0.0,LCLG
2025-07-02 00:00:00-04:00,56.27000045776367,56.27000045776367,56.255001068115234,56.255001068115234,800,0.0,0.0,0.0,LCLG
2025-07-03 00:00:00-04:00,56.715999603271484,56.715999603271484,56.715999603271484,56.715999603271484,100,0.0,0.0,0.0,LCLG
2025-07-07 00:00:00-04:00,56.380001068115234,56.380001068115234,56.255001068115234,56.255001068115234,500,0.0,0.0,0.0,LCLG
2025-07-08 00:00:00-04:00,56.310001373291016,56.31999969482422,56.22100067138672,56.22100067138672,1900,0.0,0.0,0.0,LCLG
2025-07-09 00:00:00-04:00,56.650001525878906,56.82699966430664,56.650001525878906,56.82699966430664,1200,0.0,0.0,0.0,LCLG
2025-07-10 00:00:00-04:00,56.90399932861328,56.90399932861328,56.90399932861328,56.90399932861328,200,0.0,0.0,0.0,LCLG
2025-07-11 00:00:00-04:00,56.48899841308594,56.48899841308594,56.48899841308594,56.48899841308594,100,0.0,0.0,0.0,LCLG
2025-07-14 00:00:00-04:00,56.6510009765625,56.6510009765625,56.6510009765625,56.6510009765625,100,0.0,0.0,0.0,LCLG
2025-07-15 00:00:00-04:00,56.28900146484375,56.28900146484375,56.28900146484375,56.28900146484375,100,0.0,0.0,0.0,LCLG
2025-07-16 00:00:00-04:00,56.35499954223633,56.35499954223633,56.35499954223633,56.35499954223633,100,0.0,0.0,0.0,LCLG
2025-07-17 00:00:00-04:00,56.959999084472656,57.11899948120117,56.959999084472656,57.11899948120117,2100,0.0,0.0,0.0,LCLG
2025-07-18 00:00:00-04:00,56.96500015258789,56.96500015258789,56.96500015258789,56.96500015258789,100,0.0,0.0,0.0,LCLG
2025-07-21 00:00:00-04:00,57.4900016784668,57.4900016784668,57.242000579833984,57.242000579833984,500,0.0,0.0,0.0,LCLG
2025-07-22 00:00:00-04:00,56.83000183105469,56.97700119018555,56.83000183105469,56.97700119018555,100,0.0,0.0,0.0,LCLG
2025-07-23 00:00:00-04:00,57.380001068115234,57.439998626708984,57.15999984741211,57.43600082397461,500,0.0,0.0,0.0,LCLG
2025-07-24 00:00:00-04:00,57.66299819946289,57.66299819946289,57.66299819946289,57.66299819946289,100,0.0,0.0,0.0,LCLG
2025-07-25 00:00:00-04:00,58.0099983215332,58.0099983215332,58.0099983215332,58.0099983215332,100,0.0,0.0,0.0,LCLG
2025-07-28 00:00:00-04:00,58.189998626708984,58.189998626708984,58.14899826049805,58.14899826049805,100,0.0,0.0,0.0,LCLG
2025-07-29 00:00:00-04:00,58.15999984741211,58.15999984741211,57.79399871826172,57.79399871826172,100,0.0,0.0,0.0,LCLG
2025-07-30 00:00:00-04:00,57.689998626708984,57.77399826049805,57.689998626708984,57.77399826049805,200,0.0,0.0,0.0,LCLG
2025-07-31 00:00:00-04:00,58.279998779296875,58.279998779296875,57.74700164794922,57.74700164794922,100,0.0,0.0,0.0,LCLG
2025-08-01 00:00:00-04:00,56.54999923706055,56.54999923706055,56.54999923706055,56.54999923706055,100,0.0,0.0,0.0,LCLG
2025-08-04 00:00:00-04:00,57.439998626708984,57.70000076293945,57.41999816894531,57.70000076293945,600,0.0,0.0,0.0,LCLG
2025-08-05 00:00:00-04:00,57.959999084472656,57.959999084472656,57.263999938964844,57.263999938964844,300,0.0,0.0,0.0,LCLG
2025-08-06 00:00:00-04:00,57.61000061035156,58.09700012207031,57.61000061035156,58.09700012207031,100,0.0,0.0,0.0,LCLG
2025-08-07 00:00:00-04:00,58.56999969482422,58.56999969482422,58.39699935913086,58.39699935913086,100,0.0,0.0,0.0,LCLG
2025-08-08 00:00:00-04:00,58.70000076293945,58.72700119018555,58.70000076293945,58.72700119018555,100,0.0,0.0,0.0,LCLG
2025-08-11 00:00:00-04:00,58.849998474121094,58.849998474121094,58.625,58.625,100,0.0,0.0,0.0,LCLG
2025-08-12 00:00:00-04:00,59.770999908447266,59.770999908447266,59.770999908447266,59.770999908447266,100,0.0,0.0,0.0,LCLG
2025-08-13 00:00:00-04:00,59.56999969482422,59.86800003051758,59.56999969482422,59.86800003051758,100,0.0,0.0,0.0,LCLG
2025-08-14 00:00:00-04:00,59.70000076293945,59.70000076293945,59.470001220703125,59.65700149536133,19300,0.0,0.0,0.0,LCLG
2025-08-15 00:00:00-04:00,59.07899856567383,59.07899856567383,59.07899856567383,59.07899856567383,100,0.0,0.0,0.0,LCLG
2025-08-18 00:00:00-04:00,59.22999954223633,59.22999954223633,59.22999954223633,59.22999954223633,100,0.0,0.0,0.0,LCLG
2025-08-19 00:00:00-04:00,58.68600082397461,58.68600082397461,58.68600082397461,58.68600082397461,100,0.0,0.0,0.0,LCLG
2025-08-20 00:00:00-04:00,58.3120002746582,58.3120002746582,58.3120002746582,58.3120002746582,100,0.0,0.0,0.0,LCLG
2025-08-21 00:00:00-04:00,58.1349983215332,58.1349983215332,58.1349983215332,58.1349983215332,100,0.0,0.0,0.0,LCLG
2025-08-22 00:00:00-04:00,59.39400100708008,59.39400100708008,59.39400100708008,59.39400100708008,100,0.0,0.0,0.0,LCLG
2025-08-25 00:00:00-04:00,59.37300109863281,59.37300109863281,59.37300109863281,59.37300109863281,100,0.0,0.0,0.0,LCLG
2025-08-26 00:00:00-04:00,59.61800003051758,59.61800003051758,59.61800003051758,59.61800003051758,100,0.0,0.0,0.0,LCLG
2025-08-27 00:00:00-04:00,59.691001892089844,59.691001892089844,59.691001892089844,59.691001892089844,100,0.0,0.0,0.0,LCLG
2025-08-28 00:00:00-04:00,60.071998596191406,60.071998596191406,60.071998596191406,60.071998596191406,100,0.0,0.0,0.0,LCLG
2025-08-29 00:00:00-04:00,59.45600128173828,59.45600128173828,59.45600128173828,59.45600128173828,300,0.0,0.0,0.0,LCLG
2025-09-02 00:00:00-04:00,59.16999816894531,59.16999816894531,59.16999816894531,59.16999816894531,200,0.0,0.0,0.0,LCLG
2025-09-03 00:00:00-04:00,59.59700012207031,59.59700012207031,59.59700012207031,59.59700012207031,100,0.0,0.0,0.0,LCLG
2025-09-04 00:00:00-04:00,60.7599983215332,60.7599983215332,60.7599983215332,60.7599983215332,100,0.0,0.0,0.0,LCLG
2025-09-05 00:00:00-04:00,60.78799819946289,60.78799819946289,60.78799819946289,60.78799819946289,100,0.0,0.0,0.0,LCLG
2025-09-08 00:00:00-04:00,61.310001373291016,61.310001373291016,61.310001373291016,61.310001373291016,100,0.0,0.0,0.0,LCLG
2025-09-09 00:00:00-04:00,61.46699905395508,61.46699905395508,61.46699905395508,61.46699905395508,100,0.0,0.0,0.0,LCLG
2025-09-10 00:00:00-04:00,61.650001525878906,61.77399826049805,61.650001525878906,61.77399826049805,100,0.0,0.0,0.0,LCLG
2025-09-11 00:00:00-04:00,61.84000015258789,62.13399887084961,61.84000015258789,62.13399887084961,1000,0.0,0.0,0.0,LCLG
2025-09-12 00:00:00-04:00,61.632999420166016,61.632999420166016,61.632999420166016,61.632999420166016,300,0.0,0.0,0.0,LCLG
2025-09-15 00:00:00-04:00,62.18000030517578,62.25400161743164,62.18000030517578,62.25400161743164,1200,0.0,0.0,0.0,LCLG
2025-09-16 00:00:00-04:00,62.35499954223633,62.35499954223633,62.35499954223633,62.35499954223633,100,0.0,0.0,0.0,LCLG
2025-09-17 00:00:00-04:00,62.077999114990234,62.077999114990234,62.077999114990234,62.077999114990234,100,0.0,0.0,0.0,LCLG
2025-09-18 00:00:00-04:00,62.733001708984375,62.733001708984375,62.733001708984375,62.733001708984375,100,0.0,0.0,0.0,LCLG
2025-09-19 00:00:00-04:00,62.77000045776367,63.073001861572266,62.77000045776367,63.073001861572266,300,0.0,0.0,0.0,LCLG
2025-09-22 00:00:00-04:00,62.95500183105469,62.95500183105469,62.95500183105469,62.95500183105469,100,0.0,0.0,0.0,LCLG
2025-09-23 00:00:00-04:00,63.11000061035156,63.11000061035156,62.88199996948242,62.88199996948242,100,0.0,0.0,0.0,LCLG
2025-09-24 00:00:00-04:00,62.38999938964844,62.38999938964844,62.3380012512207,62.3380012512207,1100,0.0,0.0,0.0,LCLG
2025-09-25 00:00:00-04:00,61.887001037597656,61.887001037597656,61.887001037597656,61.887001037597656,100,0.0,0.0,0.0,LCLG
2025-09-26 00:00:00-04:00,61.97999954223633,62.41999816894531,61.97999954223633,62.36000061035156,7000,0.0,0.0,0.0,LCLG
2025-09-29 00:00:00-04:00,62.45000076293945,62.49100112915039,62.45000076293945,62.49100112915039,500,0.0,0.0,0.0,LCLG
2025-09-30 00:00:00-04:00,62.470001220703125,62.750999450683594,62.470001220703125,62.750999450683594,100,0.0,0.0,0.0,LCLG
2025-10-01 00:00:00-04:00,63.0099983215332,63.02000045776367,62.946998596191406,62.946998596191406,1200,0.0,0.0,0.0,LCLG
2025-10-02 00:00:00-04:00,63.09700012207031,63.09700012207031,63.09700012207031,63.09700012207031,100,0.0,0.0,0.0,LCLG
2025-10-03 00:00:00-04:00,62.89400100708008,62.89400100708008,62.89400100708008,62.89400100708008,100,0.0,0.0,0.0,LCLG
2025-10-06 00:00:00-04:00,62.928001403808594,62.928001403808594,62.54100036621094,62.54100036621094,300,0.0,0.0,0.0,LCLG
2025-10-07 00:00:00-04:00,62.37300109863281,62.37300109863281,62.37300109863281,62.37300109863281,100,0.0,0.0,0.0,LCLG
2025-10-08 00:00:00-04:00,62.819000244140625,63.05500030517578,62.819000244140625,63.05500030517578,300,0.0,0.0,0.0,LCLG
2025-10-09 00:00:00-04:00,62.94499969482422,62.94499969482422,62.47999954223633,62.47999954223633,900,0.0,0.0,0.0,LCLG
2025-10-10 00:00:00-04:00,60.47999954223633,60.47999954223633,60.3380012512207,60.3380012512207,1300,0.0,0.0,0.0,LCLG
2025-10-13 00:00:00-04:00,61.68299865722656,61.68299865722656,61.68299865722656,61.68299865722656,100,0.0,0.0,0.0,LCLG
2025-10-14 00:00:00-04:00,61.58399963378906,61.58399963378906,61.58399963378906,61.58399963378906,100,0.0,0.0,0.0,LCLG
2025-10-15 00:00:00-04:00,62.599998474121094,62.599998474121094,62.28200149536133,62.28200149536133,300,0.0,0.0,0.0,LCLG
2025-10-16 00:00:00-04:00,62.20500183105469,62.20500183105469,62.20500183105469,62.20500183105469,100,0.0,0.0,0.0,LCLG
2025-10-17 00:00:00-04:00,62.09000015258789,62.25899887084961,62.09000015258789,62.25899887084961,400,0.0,0.0,0.0,LCLG
2025-10-20 00:00:00-04:00,63.08100128173828,63.125,62.95000076293945,62.95000076293945,500,0.0,0.0,0.0,LCLG
2025-10-21 00:00:00-04:00,62.959999084472656,62.959999084472656,62.959999084472656,62.959999084472656,300,0.0,0.0,0.0,LCLG
2025-10-22 00:00:00-04:00,62.23699951171875,62.23699951171875,62.23699951171875,62.23699951171875,100,0.0,0.0,0.0,LCLG
2025-10-23 00:00:00-04:00,63.189998626708984,63.20000076293945,63.08599853515625,63.08599853515625,1100,0.0,0.0,0.0,LCLG
2025-10-24 00:00:00-04:00,63.737998962402344,63.737998962402344,63.61899948120117,63.61899948120117,300,0.0,0.0,0.0,LCLG
2025-10-27 00:00:00-04:00,64.36799621582031,64.36799621582031,64.36799621582031,64.36799621582031,100,0.0,0.0,0.0,LCLG
2025-10-28 00:00:00-04:00,64.28500366210938,64.28500366210938,64.28500366210938,64.28500366210938,100,0.0,0.0,0.0,LCLG
2025-10-29 00:00:00-04:00,64.08999633789062,64.75,64.08999633789062,64.47200012207031,2600,0.0,0.0,0.0,LCLG
2025-10-30 00:00:00-04:00,63.880001068115234,63.880001068115234,63.55699920654297,63.55699920654297,300,0.0,0.0,0.0,LCLG
2025-10-31 00:00:00-04:00,63.9739990234375,63.9739990234375,63.9739990234375,63.9739990234375,100,0.0,0.0,0.0,LCLG
2025-11-03 00:00:00-05:00,63.84199905395508,63.84199905395508,63.84199905395508,63.84199905395508,300,0.0,0.0,0.0,LCLG
2025-11-04 00:00:00-05:00,62.84700012207031,62.84700012207031,62.84700012207031,62.84700012207031,100,0.0,0.0,0.0,LCLG
2025-11-05 00:00:00-05:00,63.222999572753906,63.779998779296875,63.222999572753906,63.69900131225586,2200,0.0,0.0,0.0,LCLG
2025-11-06 00:00:00-05:00,62.823001861572266,62.823001861572266,62.823001861572266,62.823001861572266,300,0.0,0.0,0.0,LCLG
2025-11-07 00:00:00-05:00,62.72999954223633,62.82099914550781,62.72999954223633,62.82099914550781,2700,0.0,0.0,0.0,LCLG
2025-11-10 00:00:00-05:00,63.61000061035156,63.90700149536133,63.61000061035156,63.90700149536133,1400,0.0,0.0,0.0,LCLG
2025-11-11 00:00:00-05:00,63.40399932861328,63.40399932861328,63.40399932861328,63.40399932861328,100,0.0,0.0,0.0,LCLG
2025-11-12 00:00:00-05:00,63.36600112915039,63.36600112915039,63.36600112915039,63.36600112915039,100,0.0,0.0,0.0,LCLG
2025-11-13 00:00:00-05:00,61.768001556396484,61.768001556396484,61.768001556396484,61.768001556396484,100,0.0,0.0,0.0,LCLG
2025-11-14 00:00:00-05:00,61.97999954223633,61.97999954223633,61.36899948120117,61.36899948120117,7600,0.0,0.0,0.0,LCLG
2025-11-17 00:00:00-05:00,61.25,61.25,60.52000045776367,60.58000183105469,1600,0.0,0.0,0.0,LCLG
2025-11-18 00:00:00-05:00,60.29499816894531,60.29499816894531,60.29499816894531,60.29499816894531,100,0.0,0.0,0.0,LCLG
2025-11-19 00:00:00-05:00,60.470001220703125,60.630001068115234,60.369998931884766,60.630001068115234,10200,0.0,0.0,0.0,LCLG
2025-11-20 00:00:00-05:00,59.65999984741211,59.65999984741211,59.22100067138672,59.22100067138672,500,0.0,0.0,0.0,LCLG
2025-11-21 00:00:00-05:00,60.22800064086914,60.22800064086914,60.08599853515625,60.08599853515625,700,0.0,0.0,0.0,LCLG
2025-11-24 00:00:00-05:00,61.472999572753906,61.790000915527344,61.472999572753906,61.78499984741211,2200,0.0,0.0,0.0,LCLG
2025-11-25 00:00:00-05:00,62.2599983215332,62.29999923706055,62.2599983215332,62.29999923706055,300,0.0,0.0,0.0,LCLG
2025-11-26 00:00:00-05:00,62.86600112915039,62.86600112915039,62.86600112915039,62.86600112915039,100,0.0,0.0,0.0,LCLG
2025-11-28 00:00:00-05:00,62.86000061035156,63.32099914550781,62.86000061035156,63.32099914550781,300,0.0,0.0,0.0,LCLG
2025-12-01 00:00:00-05:00,62.63800048828125,63.04499816894531,62.630001068115234,62.92399978637695,1300,0.0,0.0,0.0,LCLG
2025-12-02 00:00:00-05:00,63.439998626708984,63.439998626708984,63.33700180053711,63.33700180053711,200,0.0,0.0,0.0,LCLG
2025-12-03 00:00:00-05:00,63.150001525878906,63.7400016784668,63.150001525878906,63.685001373291016,1200,0.0,0.0,0.0,LCLG
2025-12-04 00:00:00-05:00,63.720001220703125,63.970001220703125,63.720001220703125,63.77799987792969,200,0.0,0.0,0.0,LCLG
2025-12-05 00:00:00-05:00,64.4000015258789,64.4000015258789,64.19999694824219,64.20999908447266,6200,0.0,0.0,0.0,LCLG
2025-12-08 00:00:00-05:00,64.37000274658203,64.37000274658203,63.8489990234375,63.8489990234375,800,0.0,0.0,0.0,LCLG
2025-12-09 00:00:00-05:00,64.22000122070312,64.29000091552734,64.12799835205078,64.12799835205078,8400,0.0,0.0,0.0,LCLG
2025-12-10 00:00:00-05:00,64.76300048828125,64.76300048828125,64.76300048828125,64.76300048828125,100,0.0,0.0,0.0,LCLG
2025-12-11 00:00:00-05:00,64.54000091552734,64.93900299072266,64.54000091552734,64.93900299072266,600,0.0,0.0,0.0,LCLG
2025-12-12 00:00:00-05:00,63.31999969482422,63.33000183105469,63.150001525878906,63.18600082397461,4500,0.0,0.0,0.0,LCLG
2025-12-15 00:00:00-05:00,63.064998626708984,63.064998626708984,62.952999114990234,62.952999114990234,500,0.0,0.0,0.0,LCLG
2025-12-16 00:00:00-05:00,62.599998474121094,62.736000061035156,62.54999923706055,62.736000061035156,14300,0.0,0.0,0.0,LCLG
2025-12-17 00:00:00-05:00,61.70000076293945,61.72999954223633,61.70000076293945,61.72999954223633,3200,0.0,0.0,0.0,LCLG
2025-12-18 00:00:00-05:00,62.64400100708008,62.64400100708008,62.64400100708008,62.64400100708008,100,0.0,0.0,0.0,LCLG
2025-12-19 00:00:00-05:00,63.5099983215332,63.5099983215332,63.5099983215332,63.5099983215332,100,0.0,0.0,0.0,LCLG
2025-12-22 00:00:00-05:00,63.8849983215332,63.8849983215332,63.8849983215332,63.8849983215332,100,0.0,0.0,0.0,LCLG
2025-12-23 00:00:00-05:00,64.0,64.0,64.0,64.0,5900,0.0,0.0,0.0,LCLG
2025-12-24 00:00:00-05:00,64.2509994506836,64.2509994506836,64.2509994506836,64.2509994506836,100,0.0,0.0,0.0,LCLG
2025-12-26 00:00:00-05:00,63.999900817871094,64.25090026855469,64.25090026855469,64.25090026855469,6,0.0,0.0,0.0,LCLG
